Gamma	Asphericity	Radius	Volume	Area	MorseEnergy	NormalityEn	CircularityEn	TotalOPSEnergy	RMSAngleDeficit
300000	0.00348465	2.21432	41.2355	60.6218	-210	0.0106863	0.00494542	-209.984	0.427424
295880	0.00348463	2.21432	41.2355	60.6218	-210	0.0108351	0.00501426	-209.984	0.427423
291816	0.00348461	2.21432	41.2356	60.6218	-210	0.010986	0.00508406	-209.984	0.427422
287808	0.00348459	2.21432	41.2356	60.6218	-210	0.011139	0.00515482	-209.984	0.42742
283855	0.00348457	2.21432	41.2356	60.6218	-210	0.0112941	0.00522658	-209.983	0.427419
279957	0.00348455	2.21432	41.2356	60.6218	-210	0.0114514	0.00529933	-209.983	0.427418
276112	0.00348453	2.21432	41.2356	60.6218	-210	0.0116108	0.00537309	-209.983	0.427416
272320	0.00348451	2.21432	41.2356	60.6218	-210	0.0117725	0.00544788	-209.983	0.427415
268580	0.00348449	2.21432	41.2356	60.6218	-210	0.0119364	0.00552371	-209.983	0.427414
264891	0.00348447	2.21432	41.2356	60.6218	-210	0.0121027	0.00560059	-209.982	0.427412
261253	0.00348444	2.21432	41.2357	60.6218	-210	0.0122712	0.00567855	-209.982	0.427411
257665	0.00348442	2.21432	41.2357	60.6218	-210	0.0124421	0.00575759	-209.982	0.427409
254126	0.0034844	2.21432	41.2357	60.6218	-210	0.0126153	0.00583773	-209.982	0.427408
250636	0.00348438	2.21432	41.2357	60.6218	-210	0.012791	0.00591898	-209.981	0.427406
247194	0.00348435	2.21432	41.2357	60.6218	-210	0.0129691	0.00600137	-209.981	0.427405
243799	0.00348433	2.21432	41.2357	60.6218	-210	0.0131497	0.0060849	-209.981	0.427403
240450	0.0034843	2.21432	41.2357	60.6218	-210	0.0133329	0.00616959	-209.98	0.427402
237148	0.00348428	2.21432	41.2358	60.6218	-210	0.0135185	0.00625546	-209.98	0.4274
233891	0.00348425	2.21432	41.2358	60.6218	-210	0.0137068	0.00634253	-209.98	0.427398
230679	0.00348423	2.21432	41.2358	60.6218	-210	0.0138976	0.0064308	-209.98	0.427397
227510	0.0034842	2.21432	41.2358	60.6218	-210	0.0140912	0.0065203	-209.979	0.427395
224386	0.00348418	2.21432	41.2358	60.6218	-210	0.0142874	0.00661106	-209.979	0.427393
221304	0.00348415	2.21432	41.2358	60.6218	-210	0.0144864	0.00670307	-209.979	0.427392
218265	0.00348412	2.21432	41.2359	60.6218	-210	0.0146881	0.00679636	-209.979	0.42739
215267	0.0034841	2.21432	41.2359	60.6218	-210	0.0148926	0.00689095	-209.978	0.427388
212310	0.00348407	2.21432	41.2359	60.6218	-210	0.0151	0.00698685	-209.978	0.427386
209394	0.00348404	2.21432	41.2359	60.6218	-210	0.0153103	0.00708409	-209.978	0.427384
206519	0.00348401	2.21432	41.2359	60.6218	-210	0.0155235	0.00718268	-209.977	0.427383
203682	0.00348399	2.21432	41.2359	60.6218	-210	0.0157397	0.00728265	-209.977	0.427381
200885	0.00348396	2.21432	41.236	60.6218	-210	0.0159588	0.007384	-209.977	0.427379
198126	0.00348393	2.21432	41.236	60.6218	-210	0.0161811	0.00748676	-209.976	0.427377
195405	0.0034839	2.21432	41.236	60.6218	-210	0.0164064	0.00759095	-209.976	0.427375
192721	0.00348387	2.21432	41.236	60.6218	-210	0.0166349	0.0076966	-209.976	0.427373
190074	0.00348384	2.21432	41.236	60.6218	-210	0.0168665	0.00780371	-209.975	0.427371
187464	0.00348381	2.21432	41.236	60.6218	-210	0.0171014	0.00791231	-209.975	0.427369
184889	0.00348377	2.21432	41.2361	60.6218	-210	0.0173395	0.00802242	-209.975	0.427367
182350	0.00348374	2.21432	41.2361	60.6218	-210	0.017581	0.00813406	-209.974	0.427365
179845	0.00348371	2.21432	41.2361	60.6218	-210	0.0178258	0.00824725	-209.974	0.427363
177375	0.00348368	2.21432	41.2361	60.6218	-210	0.0180741	0.00836202	-209.974	0.427361
174939	0.00348364	2.21432	41.2361	60.6218	-210	0.0183257	0.00847839	-209.973	0.427358
172537	0.00348361	2.21433	41.2362	60.6218	-210	0.0185809	0.00859637	-209.973	0.427356
170167	0.00348358	2.21433	41.2362	60.6218	-210	0.0188397	0.00871599	-209.972	0.427354
167830	0.00348354	2.21433	41.2362	60.6218	-210	0.019102	0.00883728	-209.972	0.427352
165525	0.00348351	2.21433	41.2362	60.6218	-210	0.019368	0.00896025	-209.972	0.427349
163251	0.00348347	2.21433	41.2363	60.6218	-210	0.0196378	0.00908494	-209.971	0.427347
161009	0.00348343	2.21433	41.2363	60.6218	-210	0.0199112	0.00921135	-209.971	0.427345
158798	0.0034834	2.21433	41.2363	60.6218	-210	0.0201885	0.00933953	-209.97	0.427342
156617	0.00348336	2.21433	41.2363	60.6218	-210	0.0204696	0.00946949	-209.97	0.42734
154466	0.00348332	2.21433	41.2363	60.6218	-210	0.0207547	0.00960125	-209.97	0.427337
152345	0.00348328	2.21433	41.2364	60.6218	-210	0.0210437	0.00973485	-209.969	0.427335
150252	0.00348325	2.21433	41.2364	60.6218	-210	0.0213367	0.0098703	-209.969	0.427332
148189	0.00348321	2.21433	41.2364	60.6218	-210	0.0216339	0.0100076	-209.968	0.42733
146153	0.00348317	2.21433	41.2364	60.6218	-210	0.0219351	0.0101469	-209.968	0.427327
144146	0.00348313	2.21433	41.2365	60.6218	-210	0.0222406	0.0102881	-209.967	0.427325
142166	0.00348309	2.21433	41.2365	60.6218	-210	0.0225503	0.0104312	-209.967	0.427322
140214	0.00348304	2.21433	41.2365	60.6218	-210	0.0228643	0.0105763	-209.967	0.427319
138288	0.003483	2.21433	41.2365	60.6218	-210	0.0231827	0.0107235	-209.966	0.427317
136389	0.00348296	2.21433	41.2366	60.6218	-210	0.0235055	0.0108727	-209.966	0.427314
134516	0.00348292	2.21433	41.2366	60.6218	-210	0.0238329	0.011024	-209.965	0.427311
132668	0.00348287	2.21433	41.2366	60.6218	-210	0.0241647	0.0111773	-209.965	0.427308
130846	0.00348283	2.21433	41.2366	60.6218	-210	0.0245012	0.0113329	-209.964	0.427305
129049	0.00348278	2.21433	41.2367	60.6218	-210	0.0248424	0.0114905	-209.964	0.427302
127277	0.00348274	2.21433	41.2367	60.6218	-210	0.0251884	0.0116504	-209.963	0.427299
125529	0.00348269	2.21433	41.2367	60.6218	-210	0.0255391	0.0118125	-209.963	0.427296
123805	0.00348264	2.21433	41.2367	60.6218	-210	0.0258948	0.0119768	-209.962	0.427293
122104	0.0034826	2.21433	41.2368	60.6218	-210	0.0262554	0.0121434	-209.962	0.42729
120427	0.00348255	2.21433	41.2368	60.6218	-210	0.026621	0.0123123	-209.961	0.427287
118773	0.0034825	2.21433	41.2368	60.6218	-210	0.0269917	0.0124836	-209.961	0.427284
117142	0.00348245	2.21433	41.2369	60.6218	-210	0.0273676	0.0126573	-209.96	0.42728
115533	0.0034824	2.21433	41.2369	60.6218	-210	0.0277487	0.0128334	-209.959	0.427277
113946	0.00348235	2.21434	41.2369	60.6218	-210	0.0281351	0.0130119	-209.959	0.427274
112382	0.0034823	2.21434	41.237	60.6218	-210	0.0285269	0.0131929	-209.958	0.42727
110838	0.00348224	2.21434	41.237	60.6218	-210	0.0289241	0.0133764	-209.958	0.427267
109316	0.00348219	2.21434	41.237	60.6218	-210	0.0293269	0.0135625	-209.957	0.427263
107814	0.00348214	2.21434	41.2371	60.6218	-210	0.0297353	0.0137511	-209.957	0.42726
106334	0.00348208	2.21434	41.2371	60.6218	-210	0.0301494	0.0139424	-209.956	0.427256
104873	0.00348203	2.21434	41.2371	60.6218	-210	0.0305692	0.0141363	-209.955	0.427253
103433	0.00348197	2.21434	41.2372	60.6218	-210	0.0309949	0.014333	-209.955	0.427249
102012	0.00348191	2.21434	41.2372	60.6218	-210	0.0314265	0.0145323	-209.954	0.427245
100611	0.00348186	2.21434	41.2372	60.6218	-210	0.0318642	0.0147345	-209.953	0.427242
99229.5	0.0034818	2.21434	41.2373	60.6218	-210	0.0323079	0.0149394	-209.953	0.427238
97866.7	0.00348174	2.21434	41.2373	60.6218	-210	0.0327578	0.0151472	-209.952	0.427234
96522.5	0.00348168	2.21434	41.2373	60.6218	-210	0.0332139	0.0153578	-209.951	0.42723
95196.9	0.00348162	2.21434	41.2374	60.6218	-210	0.0336765	0.0155714	-209.951	0.427226
93889.4	0.00348155	2.21434	41.2374	60.6218	-210	0.0341454	0.015788	-209.95	0.427222
92599.9	0.00348149	2.21434	41.2374	60.6218	-210	0.0346209	0.0160076	-209.949	0.427218
91328.2	0.00348143	2.21434	41.2375	60.6218	-210	0.035103	0.0162302	-209.949	0.427214
90073.9	0.00348136	2.21434	41.2375	60.6218	-210	0.0355918	0.0164559	-209.948	0.427209
88836.8	0.0034813	2.21434	41.2376	60.6218	-210	0.0360875	0.0166848	-209.947	0.427205
87616.7	0.00348123	2.21434	41.2376	60.6218	-210	0.03659	0.0169168	-209.946	0.427201
86413.3	0.00348116	2.21434	41.2376	60.6218	-210	0.0370995	0.017152	-209.946	0.427196
85226.5	0.0034811	2.21434	41.2377	60.6218	-210	0.0376162	0.0173905	-209.945	0.427192
84056	0.00348103	2.21435	41.2377	60.6218	-210	0.03814	0.0176324	-209.944	0.427187
82901.6	0.00348096	2.21435	41.2378	60.6218	-210	0.0386711	0.0178776	-209.943	0.427183
81763	0.00348089	2.21435	41.2378	60.6218	-210	0.0392096	0.0181261	-209.943	0.427178
80640	0.00348081	2.21435	41.2379	60.6218	-210	0.0397556	0.0183782	-209.942	0.427173
79532.5	0.00348074	2.21435	41.2379	60.6218	-210	0.0403092	0.0186337	-209.941	0.427169
78440.2	0.00348067	2.21435	41.2379	60.6218	-210	0.0408706	0.0188928	-209.94	0.427164
77362.9	0.00348059	2.21435	41.238	60.6218	-210	0.0414397	0.0191555	-209.939	0.427159
76300.4	0.00348051	2.21435	41.238	60.6218	-210	0.0420168	0.0194218	-209.939	0.427154
75252.5	0.00348044	2.21435	41.2381	60.6218	-210	0.0426019	0.0196919	-209.938	0.427149
74218.9	0.00348036	2.21435	41.2381	60.6218	-210	0.0431951	0.0199656	-209.937	0.427144
73199.6	0.00348028	2.21435	41.2382	60.6218	-210	0.0437966	0.0202432	-209.936	0.427139
72194.3	0.0034802	2.21435	41.2382	60.6218	-210	0.0444065	0.0205246	-209.935	0.427133
71202.7	0.00348012	2.21435	41.2383	60.6218	-210	0.0450249	0.02081	-209.934	0.427128
70224.8	0.00348003	2.21435	41.2383	60.6218	-210	0.0456519	0.0210993	-209.933	0.427123
69260.3	0.00347995	2.21435	41.2384	60.6218	-210	0.0462876	0.0213926	-209.932	0.427117
68309.1	0.00347987	2.21435	41.2384	60.6218	-210	0.0469322	0.02169	-209.931	0.427112
67370.9	0.00347978	2.21436	41.2385	60.6218	-210	0.0475857	0.0219915	-209.93	0.427106
66445.7	0.00347969	2.21436	41.2385	60.6218	-210	0.0482484	0.0222972	-209.929	0.4271
65533.1	0.0034796	2.21436	41.2386	60.6218	-210	0.0489202	0.0226071	-209.928	0.427094
64633	0.00347951	2.21436	41.2386	60.6218	-210	0.0496015	0.0229213	-209.927	0.427089
63745.4	0.00347942	2.21436	41.2387	60.6218	-210	0.0502922	0.0232399	-209.926	0.427083
62869.9	0.00347933	2.21436	41.2388	60.6218	-210	0.0509925	0.023563	-209.925	0.427076
62006.4	0.00347924	2.21436	41.2388	60.6218	-210	0.0517026	0.0238905	-209.924	0.42707
61154.8	0.00347914	2.21436	41.2389	60.6218	-210	0.0524226	0.0242225	-209.923	0.427064
60314.9	0.00347904	2.21436	41.2389	60.6218	-210	0.0531526	0.0245591	-209.922	0.427058
59486.5	0.00347895	2.21436	41.239	60.6218	-210	0.0538928	0.0249005	-209.921	0.427051
58669.5	0.00347885	2.21436	41.239	60.6218	-210	0.0546432	0.0252465	-209.92	0.427045
57863.7	0.00347875	2.21436	41.2391	60.6218	-210	0.0554042	0.0255973	-209.919	0.427038
57069	0.00347864	2.21436	41.2392	60.6218	-210	0.0561737	0.025955	-209.918	0.427032
56285.2	0.00347854	2.21437	41.2392	60.6218	-210	0.056956	0.0263157	-209.917	0.427025
55512.2	0.00347844	2.21437	41.2393	60.6218	-210	0.0577491	0.0266813	-209.916	0.427018
54749.8	0.00347833	2.21437	41.2394	60.6218	-210	0.0585533	0.0270521	-209.914	0.427011
53997.9	0.00347822	2.21437	41.2394	60.6218	-210	0.0593687	0.027428	-209.913	0.427004
53256.2	0.00347811	2.21437	41.2395	60.6218	-210	0.0601954	0.0278091	-209.912	0.426997
52524.8	0.003478	2.21437	41.2396	60.6218	-210	0.0610336	0.0281954	-209.911	0.42699
51803.4	0.00347789	2.21437	41.2396	60.6218	-210	0.0618836	0.0285872	-209.909	0.426982
51092	0.00347778	2.21437	41.2397	60.6218	-210	0.0627453	0.0289843	-209.908	0.426975
50390.2	0.00347766	2.21437	41.2398	60.6218	-210	0.0636191	0.029387	-209.907	0.426968
49698.2	0.00347754	2.21437	41.2398	60.6218	-210	0.064505	0.0297952	-209.906	0.42696
49015.6	0.00347743	2.21437	41.2399	60.6218	-210	0.0654032	0.0302091	-209.904	0.426952
48342.4	0.00347731	2.21437	41.24	60.6218	-210	0.066314	0.0306288	-209.903	0.426944
47678.5	0.00347718	2.21438	41.2401	60.6218	-210	0.0672374	0.0310542	-209.902	0.426936
47023.7	0.00347706	2.21438	41.2401	60.6218	-210	0.0681737	0.0314856	-209.9	0.426928
46377.8	0.00347693	2.21438	41.2402	60.6218	-210	0.0691231	0.0319229	-209.899	0.42692
45740.9	0.00347681	2.21438	41.2403	60.6218	-210	0.0700857	0.0323663	-209.898	0.426912
45112.7	0.00347668	2.21438	41.2404	60.6218	-210	0.0710616	0.0328158	-209.896	0.426903
44493.1	0.00347655	2.21438	41.2404	60.6218	-210	0.0720512	0.0332716	-209.895	0.426895
43882	0.00347642	2.21438	41.2405	60.6218	-210	0.0730545	0.0337337	-209.893	0.426886
43279.3	0.00347628	2.21438	41.2406	60.6218	-210	0.0740718	0.0342021	-209.892	0.426877
42684.9	0.00347615	2.21438	41.2407	60.6218	-210	0.0751033	0.0346771	-209.89	0.426868
42098.7	0.00347601	2.21439	41.2408	60.6218	-210	0.0761491	0.0351586	-209.889	0.426859
41520.5	0.00347587	2.21439	41.2408	60.6218	-210	0.0772095	0.0356468	-209.887	0.42685
40950.2	0.00347573	2.21439	41.2409	60.6218	-210	0.0782847	0.0361418	-209.886	0.426841
40387.8	0.00347558	2.21439	41.241	60.6218	-210	0.0793748	0.0366436	-209.884	0.426832
39833.1	0.00347544	2.21439	41.2411	60.6218	-210	0.0804801	0.0371524	-209.882	0.426822
39286.1	0.00347529	2.21439	41.2412	60.6218	-210	0.0815966	0.0376724	-209.881	0.426812
38746.5	0.00347514	2.21439	41.2413	60.6218	-210	0.0827328	0.0381954	-209.879	0.426803
38214.3	0.00347499	2.21439	41.2414	60.6218	-210	0.0838849	0.0387256	-209.877	0.426793
37689.5	0.00347483	2.21439	41.2415	60.6218	-210	0.0850531	0.0392632	-209.876	0.426782
37171.9	0.00347467	2.2144	41.2416	60.6218	-210	0.0862374	0.0398082	-209.874	0.426772
36661.3	0.00347452	2.2144	41.2417	60.6218	-210	0.0874383	0.0403607	-209.872	0.426762
36157.8	0.00347436	2.2144	41.2418	60.6218	-210	0.0886559	0.0409209	-209.87	0.426751
35661.2	0.00347419	2.2144	41.2419	60.6218	-210	0.0898905	0.0414889	-209.869	0.426741
35171.5	0.00347403	2.2144	41.242	60.6218	-210	0.0911423	0.0420647	-209.867	0.42673
34688.4	0.00347386	2.2144	41.2421	60.6218	-210	0.0924115	0.0426484	-209.865	0.426719
34212	0.00347369	2.2144	41.2422	60.6218	-210	0.0936983	0.0432403	-209.863	0.426708
33742.1	0.00347352	2.21441	41.2423	60.6218	-210	0.0950031	0.0438403	-209.861	0.426697
33278.7	0.00347334	2.21441	41.2424	60.6218	-210	0.096326	0.0444486	-209.859	0.426685
32821.6	0.00347317	2.21441	41.2425	60.6218	-210	0.0976674	0.0450653	-209.857	0.426674
32370.9	0.00347299	2.21441	41.2426	60.6218	-210	0.0990275	0.0456906	-209.855	0.426662
31926.3	0.0034728	2.21441	41.2427	60.6218	-210	0.100406	0.0463245	-209.853	0.42665
31487.8	0.00347262	2.21441	41.2428	60.6218	-210	0.1018	0.0469713	-209.851	0.426638
31055.3	0.00347243	2.21441	41.2429	60.6218	-210	0.103218	0.0476229	-209.849	0.426626
30628.8	0.00347224	2.21442	41.243	60.6218	-210	0.104655	0.0482835	-209.847	0.426613
30208.2	0.00347205	2.21442	41.2432	60.6218	-210	0.106113	0.0489532	-209.845	0.426601
29793.3	0.00347186	2.21442	41.2433	60.6218	-210	0.10759	0.0496321	-209.843	0.426588
29384.1	0.00347166	2.21442	41.2434	60.6218	-210	0.109089	0.0503205	-209.84	0.426575
28980.5	0.00347146	2.21442	41.2435	60.6218	-210	0.110608	0.0510183	-209.838	0.426562
28582.5	0.00347125	2.21442	41.2436	60.6218	-210	0.112148	0.0517258	-209.836	0.426549
28189.9	0.00347105	2.21442	41.2438	60.6218	-210	0.11371	0.0524431	-209.834	0.426535
27802.8	0.00347084	2.21443	41.2439	60.6218	-210	0.11529	0.0531737	-209.831	0.426521
27420.9	0.00347063	2.21443	41.244	60.6218	-210	0.116895	0.053911	-209.829	0.426508
27044.3	0.00347041	2.21443	41.2442	60.6218	-210	0.118523	0.0546584	-209.827	0.426494
26672.9	0.00347019	2.21443	41.2443	60.6218	-210	0.120173	0.0554161	-209.824	0.426479
26306.6	0.00346997	2.21443	41.2444	60.6218	-210	0.121847	0.0561843	-209.822	0.426465
25945.3	0.00346975	2.21443	41.2446	60.6218	-210	0.123544	0.0569631	-209.819	0.42645
25588.9	0.00346952	2.21444	41.2447	60.6218	-210	0.125264	0.0577527	-209.817	0.426435
25237.5	0.00346929	2.21444	41.2448	60.6218	-210	0.127008	0.0585531	-209.814	0.42642
24890.9	0.00346906	2.21444	41.245	60.6218	-210	0.128777	0.0593646	-209.812	0.426405
24549	0.00346882	2.21444	41.2451	60.6218	-210	0.13057	0.0601873	-209.809	0.42639
24211.9	0.00346858	2.21444	41.2453	60.6218	-210	0.132384	0.0610255	-209.806	0.426374
23879.3	0.00346834	2.21445	41.2454	60.6218	-210	0.134228	0.061871	-209.804	0.426358
23551.4	0.00346809	2.21445	41.2456	60.6218	-210	0.136097	0.0627283	-209.801	0.426342
23227.9	0.00346784	2.21445	41.2457	60.6218	-210	0.137992	0.0635973	-209.798	0.426325
22908.9	0.00346759	2.21445	41.2459	60.6218	-210	0.139914	0.0644783	-209.795	0.426309
22594.3	0.00346733	2.21445	41.246	60.6218	-210	0.141862	0.0653715	-209.793	0.426292
22283.9	0.00346707	2.21446	41.2462	60.6218	-210	0.143838	0.0662769	-209.79	0.426275
21977.9	0.00346681	2.21446	41.2463	60.6218	-210	0.145836	0.0671993	-209.787	0.426258
21676	0.00346654	2.21446	41.2465	60.6218	-210	0.147867	0.0681299	-209.784	0.42624
21378.3	0.00346627	2.21446	41.2467	60.6218	-210	0.149926	0.0690733	-209.781	0.426222
21084.7	0.00346599	2.21446	41.2468	60.6218	-210	0.152014	0.0700298	-209.778	0.426204
20795.2	0.00346571	2.21447	41.247	60.6218	-210	0.154131	0.0709994	-209.775	0.426186
20509.5	0.00346543	2.21447	41.2472	60.6218	-210	0.156277	0.0719823	-209.772	0.426168
20227.9	0.00346514	2.21447	41.2473	60.6218	-210	0.158453	0.0729788	-209.768	0.426149
19950.1	0.00346485	2.21447	41.2475	60.6218	-210	0.160655	0.0739938	-209.765	0.42613
19676.1	0.00346456	2.21448	41.2477	60.6218	-210	0.162892	0.075018	-209.762	0.42611
19405.8	0.00346426	2.21448	41.2479	60.6218	-210	0.16516	0.0760562	-209.759	0.426091
19139.3	0.00346395	2.21448	41.2481	60.6218	-210	0.16746	0.0771087	-209.755	0.426071
18876.4	0.00346365	2.21448	41.2483	60.6218	-210	0.169792	0.0781757	-209.752	0.426051
18617.2	0.00346333	2.21449	41.2484	60.6218	-210	0.172157	0.0792574	-209.748	0.426031
18361.5	0.00346302	2.21449	41.2486	60.6218	-210	0.174549	0.0803589	-209.745	0.42601
18109.3	0.0034627	2.21449	41.2488	60.6218	-210	0.17698	0.0814705	-209.741	0.425989
17860.6	0.00346237	2.21449	41.249	60.6218	-210	0.179444	0.0825975	-209.738	0.425968
17615.3	0.00346204	2.2145	41.2492	60.6218	-210	0.181943	0.0837399	-209.734	0.425946
17373.4	0.00346171	2.2145	41.2494	60.6218	-210	0.184476	0.084898	-209.73	0.425924
17134.8	0.00346137	2.2145	41.2496	60.6218	-210	0.18704	0.0860769	-209.727	0.425902
16899.4	0.00346103	2.2145	41.2498	60.6218	-210	0.189645	0.0872671	-209.723	0.425879
16667.3	0.00346068	2.21451	41.2501	60.6218	-210	0.192286	0.0884736	-209.719	0.425857
16438.4	0.00346033	2.21451	41.2503	60.6218	-210	0.194964	0.0896967	-209.715	0.425834
16212.6	0.00345997	2.21451	41.2505	60.6218	-210	0.197678	0.0909366	-209.711	0.42581
15990	0.0034596	2.21452	41.2507	60.6218	-210	0.200426	0.092199	-209.707	0.425786
15770.4	0.00345924	2.21452	41.2509	60.6218	-210	0.203217	0.0934732	-209.703	0.425762
15553.8	0.00345886	2.21452	41.2512	60.6218	-210	0.206046	0.0947648	-209.699	0.425738
15340.2	0.00345849	2.21452	41.2514	60.6218	-210	0.208916	0.0960742	-209.695	0.425713
15129.5	0.0034581	2.21453	41.2516	60.6218	-210	0.211825	0.0974015	-209.69	0.425688
14921.7	0.00345771	2.21453	41.2519	60.6218	-210	0.214769	0.098753	-209.686	0.425662
14716.8	0.00345732	2.21453	41.2521	60.6218	-210	0.217759	0.100117	-209.682	0.425637
14514.6	0.00345692	2.21454	41.2523	60.6218	-210	0.220792	0.1015	-209.677	0.425611
14315.3	0.00345651	2.21454	41.2526	60.6218	-210	0.223866	0.102901	-209.673	0.425584
14118.7	0.0034561	2.21454	41.2528	60.6218	-210	0.226978	0.104328	-209.668	0.425557
13924.8	0.00345569	2.21455	41.2531	60.6218	-210	0.230138	0.105769	-209.664	0.42553
13733.5	0.00345526	2.21455	41.2534	60.6218	-210	0.233343	0.107229	-209.659	0.425502
13544.9	0.00345483	2.21455	41.2536	60.6218	-210	0.236587	0.108714	-209.654	0.425474
13358.9	0.0034544	2.21456	41.2539	60.6218	-210	0.239882	0.110214	-209.649	0.425446
13175.4	0.00345396	2.21456	41.2541	60.6218	-209.999	0.243222	0.111735	-209.645	0.425417
12994.4	0.00345351	2.21456	41.2544	60.6218	-209.999	0.246605	0.113281	-209.64	0.425388
12816	0.00345306	2.21457	41.2547	60.6218	-209.999	0.250039	0.114844	-209.635	0.425358
12640	0.0034526	2.21457	41.255	60.6218	-209.999	0.253521	0.116428	-209.629	0.425328
12466.4	0.00345214	2.21458	41.2553	60.6219	-209.999	0.257045	0.11804	-209.624	0.425297
12295.2	0.00345167	2.21458	41.2555	60.6219	-209.999	0.260624	0.119668	-209.619	0.425267
12126.3	0.00345119	2.21458	41.2558	60.6219	-209.999	0.264249	0.121322	-209.614	0.425235
11959.7	0.0034507	2.21459	41.2561	60.6219	-209.999	0.267929	0.122994	-209.608	0.425203
11795.5	0.00345021	2.21459	41.2564	60.6219	-209.999	0.27166	0.12469	-209.603	0.425171
11633.5	0.00344971	2.21459	41.2567	60.6219	-209.999	0.275437	0.126415	-209.597	0.425139
11473.7	0.00344921	2.2146	41.257	60.6219	-209.999	0.279272	0.128157	-209.592	0.425105
11316.1	0.0034487	2.2146	41.2574	60.6219	-209.999	0.283156	0.129927	-209.586	0.425072
11160.7	0.00344818	2.21461	41.2577	60.6219	-209.999	0.287099	0.131717	-209.58	0.425038
11007.4	0.00344765	2.21461	41.258	60.6219	-209.999	0.291092	0.133536	-209.575	0.425003
10856.2	0.00344712	2.21462	41.2583	60.6219	-209.999	0.295146	0.135375	-209.569	0.424968
10707.1	0.00344657	2.21462	41.2587	60.6219	-209.999	0.299251	0.137244	-209.563	0.424933
10560.1	0.00344602	2.21462	41.259	60.6219	-209.999	0.303418	0.139134	-209.557	0.424897
10415.1	0.00344547	2.21463	41.2593	60.6219	-209.999	0.307638	0.141054	-209.55	0.42486
10272	0.0034449	2.21463	41.2597	60.6219	-209.999	0.311922	0.142996	-209.544	0.424823
10130.9	0.00344433	2.21464	41.26	60.6219	-209.999	0.316259	0.144969	-209.538	0.424786
9991.8	0.00344375	2.21464	41.2604	60.6219	-209.999	0.320663	0.146964	-209.531	0.424748
9854.57	0.00344316	2.21465	41.2607	60.6219	-209.999	0.325123	0.148991	-209.525	0.424709
9719.23	0.00344257	2.21465	41.2611	60.6219	-209.999	0.329651	0.15104	-209.518	0.42467
9585.74	0.00344196	2.21466	41.2615	60.6219	-209.999	0.334234	0.153124	-209.512	0.424631
9454.09	0.00344135	2.21466	41.2618	60.6219	-209.999	0.338889	0.155229	-209.505	0.42459
9324.25	0.00344073	2.21467	41.2622	60.6219	-209.999	0.343601	0.15737	-209.498	0.42455
9196.19	0.0034401	2.21467	41.2626	60.6219	-209.999	0.348386	0.159533	-209.491	0.424508
9069.88	0.00343946	2.21468	41.263	60.6219	-209.999	0.35323	0.161732	-209.484	0.424467
8945.32	0.00343881	2.21468	41.2634	60.6219	-209.999	0.358149	0.163954	-209.477	0.424424
8822.46	0.00343816	2.21469	41.2638	60.6219	-209.999	0.363129	0.166213	-209.47	0.424381
8701.29	0.00343749	2.21469	41.2642	60.6219	-209.999	0.368181	0.1685	-209.462	0.424337
8581.79	0.00343682	2.2147	41.2646	60.6219	-209.999	0.373308	0.170814	-209.455	0.424293
8463.92	0.00343613	2.2147	41.265	60.6219	-209.999	0.378498	0.173167	-209.447	0.424248
8347.68	0.00343544	2.21471	41.2655	60.6219	-209.999	0.383769	0.175544	-209.439	0.424203
8233.03	0.00343474	2.21471	41.2659	60.6219	-209.999	0.389104	0.177961	-209.432	0.424157
8119.96	0.00343402	2.21472	41.2663	60.622	-209.999	0.394518	0.180407	-209.424	0.42411
8008.44	0.0034333	2.21473	41.2668	60.622	-209.999	0.400007	0.182887	-209.416	0.424062
7898.45	0.00343257	2.21473	41.2672	60.622	-209.999	0.405577	0.185395	-209.408	0.424014
7789.97	0.00343182	2.21474	41.2677	60.622	-209.999	0.411215	0.187946	-209.399	0.423966
7682.98	0.00343107	2.21474	41.2681	60.622	-209.999	0.416937	0.190527	-209.391	0.423916
7577.46	0.00343031	2.21475	41.2686	60.622	-209.998	0.422738	0.193143	-209.383	0.423866
7473.39	0.00342953	2.21476	41.2691	60.622	-209.998	0.428619	0.195795	-209.374	0.423815
7370.75	0.00342875	2.21476	41.2696	60.622	-209.998	0.434582	0.198482	-209.365	0.423764
7269.52	0.00342795	2.21477	41.27	60.622	-209.998	0.440628	0.201206	-209.356	0.423711
7169.68	0.00342714	2.21478	41.2705	60.622	-209.998	0.446758	0.203967	-209.348	0.423658
7071.21	0.00342633	2.21478	41.271	60.622	-209.998	0.452974	0.206765	-209.338	0.423605
6974.09	0.0034255	2.21479	41.2716	60.622	-209.998	0.459276	0.2096	-209.329	0.42355
6878.31	0.00342466	2.2148	41.2721	60.622	-209.998	0.465664	0.212475	-209.32	0.423495
6783.84	0.0034238	2.2148	41.2726	60.622	-209.998	0.472143	0.215387	-209.311	0.423439
6690.67	0.00342294	2.21481	41.2731	60.622	-209.998	0.47871	0.21834	-209.301	0.423382
6598.78	0.00342206	2.21482	41.2737	60.622	-209.998	0.48537	0.221332	-209.291	0.423325
6508.15	0.00342117	2.21482	41.2742	60.622	-209.998	0.492121	0.224364	-209.281	0.423266
6418.77	0.00342027	2.21483	41.2748	60.6221	-209.998	0.498967	0.227437	-209.271	0.423207
6330.61	0.00341936	2.21484	41.2753	60.6221	-209.998	0.505908	0.230551	-209.261	0.423147
6243.66	0.00341843	2.21485	41.2759	60.6221	-209.998	0.512945	0.233707	-209.251	0.423086
6157.91	0.0034175	2.21485	41.2765	60.6221	-209.998	0.52008	0.236905	-209.241	0.423025
6073.34	0.00341654	2.21486	41.2771	60.6221	-209.998	0.527315	0.240147	-209.23	0.422962
5989.93	0.00341558	2.21487	41.2777	60.6221	-209.998	0.534649	0.243432	-209.219	0.422899
5907.66	0.0034146	2.21488	41.2783	60.6221	-209.997	0.542086	0.246761	-209.209	0.422835
5826.52	0.00341361	2.21489	41.2789	60.6221	-209.997	0.549626	0.250135	-209.198	0.422769
5746.5	0.0034126	2.21489	41.2795	60.6221	-209.997	0.55727	0.253554	-209.187	0.422703
5667.58	0.00341158	2.2149	41.2801	60.6221	-209.997	0.565021	0.257019	-209.175	0.422636
5589.74	0.00341055	2.21491	41.2807	60.6221	-209.997	0.57288	0.26053	-209.164	0.422568
5512.97	0.0034095	2.21492	41.2814	60.6222	-209.997	0.580847	0.264089	-209.152	0.422499
5437.25	0.00340844	2.21493	41.2821	60.6222	-209.997	0.588926	0.267694	-209.14	0.42243
5362.58	0.00340736	2.21494	41.2827	60.6222	-209.997	0.597117	0.271348	-209.128	0.422359
5288.93	0.00340627	2.21494	41.2834	60.6222	-209.997	0.60542	0.275051	-209.116	0.422287
5216.29	0.00340517	2.21495	41.2841	60.6222	-209.997	0.61384	0.278804	-209.104	0.422214
5144.65	0.00340404	2.21496	41.2848	60.6222	-209.997	0.622376	0.282607	-209.092	0.42214
5073.99	0.00340291	2.21497	41.2855	60.6222	-209.997	0.631032	0.286459	-209.079	0.422066
5004.3	0.00340175	2.21498	41.2862	60.6222	-209.996	0.639807	0.290363	-209.066	0.42199
4935.57	0.00340058	2.21499	41.2869	60.6222	-209.996	0.648704	0.29432	-209.053	0.421913
4867.79	0.0033994	2.215	41.2876	60.6223	-209.996	0.657726	0.298329	-209.04	0.421835
4800.93	0.0033982	2.21501	41.2884	60.6223	-209.996	0.666871	0.302392	-209.027	0.421756
4734.99	0.00339698	2.21502	41.2891	60.6223	-209.996	0.676143	0.306509	-209.013	0.421676
4669.96	0.00339574	2.21503	41.2899	60.6223	-209.996	0.685546	0.310679	-209	0.421594
4605.83	0.00339449	2.21504	41.2907	60.6223	-209.996	0.695079	0.314905	-208.986	0.421512
4542.57	0.00339322	2.21505	41.2915	60.6223	-209.996	0.704743	0.319188	-208.972	0.421428
4480.18	0.00339193	2.21506	41.2923	60.6223	-209.996	0.714542	0.323527	-208.958	0.421344
4418.65	0.00339063	2.21507	41.2931	60.6224	-209.995	0.724478	0.327923	-208.943	0.421258
4357.96	0.00338931	2.21508	41.2939	60.6224	-209.995	0.73455	0.332379	-208.928	0.42117
4298.11	0.00338797	2.21509	41.2947	60.6224	-209.995	0.744762	0.336893	-208.914	0.421082
4239.08	0.00338661	2.21511	41.2956	60.6224	-209.995	0.755116	0.341467	-208.899	0.420993
4180.86	0.00338523	2.21512	41.2964	60.6224	-209.995	0.765614	0.3461	-208.883	0.420902
4123.44	0.00338383	2.21513	41.2973	60.6224	-209.995	0.776258	0.350795	-208.868	0.42081
4066.81	0.00338241	2.21514	41.2982	60.6225	-209.995	0.78705	0.355552	-208.852	0.420716
4010.95	0.00338098	2.21515	41.2991	60.6225	-209.995	0.797991	0.360372	-208.836	0.420622
3955.86	0.00337952	2.21516	41.3	60.6225	-209.994	0.809085	0.365254	-208.82	0.420526
3901.53	0.00337805	2.21518	41.3009	60.6225	-209.994	0.820331	0.370202	-208.804	0.420429
3847.95	0.00337655	2.21519	41.3018	60.6225	-209.994	0.831736	0.375213	-208.787	0.42033
3795.1	0.00337503	2.2152	41.3028	60.6226	-209.994	0.843295	0.380293	-208.77	0.42023
3742.98	0.0033735	2.21521	41.3037	60.6226	-209.994	0.855017	0.385438	-208.753	0.420129
3691.57	0.00337194	2.21523	41.3047	60.6226	-209.994	0.866901	0.390649	-208.736	0.420026
3640.87	0.00337036	2.21524	41.3057	60.6226	-209.993	0.878952	0.395928	-208.718	0.419921
3590.87	0.00336875	2.21525	41.3067	60.6227	-209.993	0.891167	0.401279	-208.701	0.419816
3541.55	0.00336713	2.21526	41.3077	60.6227	-209.993	0.903553	0.406698	-208.683	0.419709
3492.91	0.00336548	2.21528	41.3087	60.6227	-209.993	0.916111	0.412187	-208.664	0.4196
3444.94	0.00336382	2.21529	41.3098	60.6227	-209.993	0.928843	0.417749	-208.646	0.41949
3397.62	0.00336212	2.21531	41.3108	60.6228	-209.992	0.941751	0.423384	-208.627	0.419378
3350.96	0.00336041	2.21532	41.3119	60.6228	-209.992	0.954838	0.429091	-208.608	0.419265
3304.94	0.00335867	2.21533	41.313	60.6228	-209.992	0.968108	0.434872	-208.589	0.41915
3259.55	0.00335691	2.21535	41.3141	60.6228	-209.992	0.981562	0.440728	-208.569	0.419034
3214.78	0.00335512	2.21536	41.3152	60.6229	-209.991	0.9952	0.446662	-208.55	0.418916
3170.63	0.00335331	2.21538	41.3163	60.6229	-209.991	1.00903	0.45267	-208.53	0.418796
3127.08	0.00335147	2.21539	41.3175	60.6229	-209.991	1.02305	0.458759	-208.509	0.418674
3084.13	0.00334961	2.21541	41.3187	60.623	-209.991	1.03726	0.464924	-208.489	0.418551
3041.78	0.00334772	2.21543	41.3198	60.623	-209.99	1.05168	0.471169	-208.468	0.418427
3000	0.00334581	2.21544	41.321	60.623	-209.99	1.06629	0.477496	-208.446	0.4183
2958.8	0.00334387	2.21546	41.3223	60.6231	-209.99	1.0811	0.483903	-208.425	0.418172
2918.16	0.0033419	2.21547	41.3235	60.6231	-209.99	1.09612	0.490393	-208.403	0.418042
2878.08	0.00333991	2.21549	41.3247	60.6231	-209.989	1.11135	0.496968	-208.381	0.41791
2838.55	0.00333789	2.21551	41.326	60.6232	-209.989	1.12679	0.503626	-208.359	0.417777
2799.57	0.00333584	2.21552	41.3273	60.6232	-209.989	1.14244	0.510368	-208.336	0.417641
2761.12	0.00333376	2.21554	41.3286	60.6233	-209.988	1.15831	0.517199	-208.313	0.417504
2723.2	0.00333166	2.21556	41.3299	60.6233	-209.988	1.1744	0.524116	-208.29	0.417364
2685.8	0.00332953	2.21558	41.3313	60.6233	-209.988	1.19071	0.531121	-208.266	0.417223
2648.91	0.00332736	2.21559	41.3327	60.6234	-209.987	1.20725	0.538216	-208.242	0.41708
2612.53	0.00332517	2.21561	41.334	60.6234	-209.987	1.22402	0.545401	-208.218	0.416935
2576.65	0.00332295	2.21563	41.3354	60.6235	-209.987	1.24102	0.552677	-208.193	0.416787
2541.26	0.00332069	2.21565	41.3369	60.6235	-209.986	1.25825	0.560046	-208.168	0.416638
2506.36	0.00331841	2.21567	41.3383	60.6236	-209.986	1.27573	0.567509	-208.143	0.416487
2471.94	0.00331609	2.21569	41.3398	60.6236	-209.986	1.29344	0.575065	-208.117	0.416333
2437.99	0.00331375	2.21571	41.3413	60.6237	-209.985	1.3114	0.582717	-208.091	0.416178
2404.5	0.00331137	2.21573	41.3428	60.6237	-209.985	1.32961	0.590467	-208.065	0.41602
2371.48	0.00330896	2.21575	41.3443	60.6238	-209.984	1.34807	0.598313	-208.038	0.41586
2338.91	0.00330651	2.21577	41.3459	60.6238	-209.984	1.36679	0.606259	-208.011	0.415698
2306.79	0.00330403	2.21579	41.3474	60.6239	-209.983	1.38577	0.614306	-207.983	0.415534
2275.1	0.00330152	2.21581	41.349	60.624	-209.983	1.40501	0.622451	-207.956	0.415367
2243.86	0.00329898	2.21583	41.3506	60.624	-209.983	1.42451	0.630699	-207.927	0.415198
2213.04	0.00329639	2.21585	41.3523	60.6241	-209.982	1.44429	0.639051	-207.899	0.415027
2182.65	0.00329378	2.21588	41.354	60.6242	-209.982	1.46434	0.647506	-207.87	0.414853
2152.67	0.00329112	2.2159	41.3556	60.6242	-209.981	1.48466	0.656067	-207.84	0.414677
2123.1	0.00328844	2.21592	41.3574	60.6243	-209.98	1.50527	0.664735	-207.81	0.414498
2093.94	0.00328571	2.21594	41.3591	60.6244	-209.98	1.52617	0.673509	-207.78	0.414317
2065.19	0.00328295	2.21597	41.3609	60.6244	-209.979	1.54735	0.682394	-207.75	0.414133
2036.82	0.00328015	2.21599	41.3627	60.6245	-209.979	1.56882	0.691387	-207.719	0.413947
2008.85	0.00327731	2.21601	41.3645	60.6246	-209.978	1.59059	0.700492	-207.687	0.413759
1981.26	0.00327444	2.21604	41.3663	60.6247	-209.978	1.61267	0.709708	-207.655	0.413567
1954.05	0.00327152	2.21606	41.3682	60.6247	-209.977	1.63505	0.719039	-207.623	0.413373
1927.21	0.00326856	2.21609	41.3701	60.6248	-209.976	1.65773	0.728484	-207.59	0.413177
1900.74	0.00326557	2.21611	41.372	60.6249	-209.976	1.68074	0.738044	-207.557	0.412977
1874.64	0.00326253	2.21614	41.374	60.625	-209.975	1.70406	0.74772	-207.523	0.412775
1848.89	0.00325945	2.21617	41.3759	60.6251	-209.974	1.7277	0.757516	-207.489	0.41257
1823.5	0.00325633	2.21619	41.3779	60.6252	-209.974	1.75166	0.76743	-207.454	0.412362
1798.45	0.00325317	2.21622	41.38	60.6253	-209.973	1.77596	0.777465	-207.419	0.412151
1773.75	0.00324996	2.21625	41.3821	60.6254	-209.972	1.8006	0.787621	-207.384	0.411938
1749.39	0.00324671	2.21628	41.3842	60.6255	-209.971	1.82557	0.797901	-207.348	0.411721
1725.37	0.00324342	2.2163	41.3863	60.6256	-209.97	1.8509	0.808302	-207.311	0.411502
1701.67	0.00324008	2.21633	41.3884	60.6257	-209.97	1.87657	0.818829	-207.274	0.411279
1678.3	0.0032367	2.21636	41.3906	60.6258	-209.969	1.90259	0.829483	-207.237	0.411053
1655.25	0.00323327	2.21639	41.3929	60.6259	-209.968	1.92898	0.840264	-207.199	0.410824
1632.51	0.00322979	2.21642	41.3951	60.626	-209.967	1.95573	0.851176	-207.16	0.410592
1610.09	0.00322627	2.21645	41.3974	60.6261	-209.966	1.98285	0.862214	-207.121	0.410357
1587.98	0.0032227	2.21648	41.3997	60.6263	-209.965	2.01034	0.873386	-207.081	0.410118
1566.17	0.00321908	2.21651	41.4021	60.6264	-209.964	2.03821	0.884689	-207.041	0.409876
1544.66	0.00321541	2.21654	41.4045	60.6265	-209.963	2.06647	0.896125	-207.001	0.409631
1523.45	0.00321169	2.21658	41.4069	60.6266	-209.962	2.09512	0.907696	-206.959	0.409383
1502.52	0.00320793	2.21661	41.4093	60.6268	-209.961	2.12416	0.919404	-206.918	0.409131
1481.89	0.00320411	2.21664	41.4118	60.6269	-209.96	2.1536	0.931247	-206.875	0.408875
1461.53	0.00320024	2.21668	41.4144	60.6271	-209.959	2.18345	0.943229	-206.832	0.408616
1441.46	0.00319631	2.21671	41.4169	60.6272	-209.958	2.21371	0.955351	-206.789	0.408353
1421.66	0.00319234	2.21675	41.4195	60.6274	-209.957	2.24439	0.967612	-206.745	0.408087
1402.14	0.00318831	2.21678	41.4222	60.6275	-209.955	2.27549	0.980015	-206.7	0.407817
1382.88	0.00318422	2.21682	41.4249	60.6277	-209.954	2.30702	0.992562	-206.655	0.407543
1363.89	0.00318008	2.21685	41.4276	60.6278	-209.953	2.33899	1.00525	-206.609	0.407265
1345.16	0.00317589	2.21689	41.4304	60.628	-209.951	2.37139	1.01809	-206.562	0.406984
1326.68	0.00317163	2.21693	41.4332	60.6282	-209.95	2.40424	1.03107	-206.515	0.406699
1308.46	0.00316732	2.21696	41.436	60.6284	-209.949	2.43755	1.0442	-206.467	0.406409
1290.49	0.00316296	2.217	41.4389	60.6285	-209.947	2.47131	1.05748	-206.419	0.406116
1272.77	0.00315853	2.21704	41.4418	60.6287	-209.946	2.50554	1.0709	-206.369	0.405819
1255.29	0.00315404	2.21708	41.4448	60.6289	-209.944	2.54024	1.08448	-206.32	0.405517
1238.05	0.0031495	2.21712	41.4478	60.6291	-209.943	2.57542	1.09821	-206.269	0.405212
1221.04	0.00314489	2.21716	41.4509	60.6293	-209.941	2.61108	1.11209	-206.218	0.404902
1204.27	0.00314022	2.2172	41.454	60.6295	-209.94	2.64724	1.12613	-206.166	0.404588
1187.73	0.00313549	2.21725	41.4571	60.6298	-209.938	2.68389	1.14032	-206.114	0.404269
1171.42	0.00313069	2.21729	41.4603	60.63	-209.936	2.72104	1.15467	-206.06	0.403946
1155.33	0.00312583	2.21733	41.4636	60.6302	-209.934	2.75871	1.16918	-206.006	0.403619
1139.46	0.00312091	2.21738	41.4669	60.6304	-209.932	2.7969	1.18384	-205.952	0.403287
1123.82	0.00311591	2.21742	41.4702	60.6307	-209.931	2.83561	1.19866	-205.896	0.40295
1108.38	0.00311086	2.21747	41.4736	60.6309	-209.929	2.87485	1.21364	-205.84	0.402609
1093.16	0.00310573	2.21751	41.477	60.6312	-209.927	2.91463	1.22879	-205.783	0.402263
1078.14	0.00310054	2.21756	41.4805	60.6314	-209.925	2.95496	1.24409	-205.726	0.401912
1063.34	0.00309527	2.2176	41.4841	60.6317	-209.922	2.99585	1.25956	-205.667	0.401557
1048.73	0.00308994	2.21765	41.4877	60.632	-209.92	3.03729	1.27519	-205.608	0.401196
1034.33	0.00308453	2.2177	41.4913	60.6323	-209.918	3.07931	1.29099	-205.548	0.400831
1020.12	0.00307905	2.21775	41.495	60.6326	-209.916	3.1219	1.30695	-205.487	0.40046
1006.11	0.0030735	2.2178	41.4988	60.6329	-209.913	3.16508	1.32308	-205.425	0.400085
992.295	0.00306788	2.21785	41.5026	60.6332	-209.911	3.20885	1.33937	-205.363	0.399704
978.667	0.00306218	2.2179	41.5065	60.6335	-209.909	3.25322	1.35583	-205.299	0.399318
965.225	0.0030564	2.21796	41.5104	60.6338	-209.906	3.2982	1.37246	-205.235	0.398926
951.969	0.00305055	2.21801	41.5144	60.6342	-209.903	3.34381	1.38926	-205.17	0.39853
938.894	0.00304462	2.21806	41.5185	60.6345	-209.901	3.39003	1.40623	-205.104	0.398127
925.999	0.00303861	2.21812	41.5226	60.6349	-209.898	3.43689	1.42337	-205.038	0.397719
913.282	0.00303252	2.21818	41.5267	60.6352	-209.895	3.48439	1.44068	-204.97	0.397306
900.739	0.00302635	2.21823	41.531	60.6356	-209.892	3.53254	1.45816	-204.901	0.396887
888.368	0.0030201	2.21829	41.5353	60.636	-209.889	3.58135	1.47581	-204.832	0.396462
876.167	0.00301377	2.21835	41.5396	60.6364	-209.886	3.63084	1.49364	-204.762	0.396031
864.133	0.00300735	2.21841	41.5441	60.6368	-209.883	3.681	1.51163	-204.69	0.395594
852.265	0.00300084	2.21847	41.5486	60.6372	-209.88	3.73185	1.5298	-204.618	0.395151
840.56	0.00299425	2.21853	41.5531	60.6376	-209.876	3.78339	1.54815	-204.545	0.394702
829.016	0.00298758	2.21859	41.5578	60.6381	-209.873	3.83564	1.56666	-204.47	0.394247
817.63	0.00298081	2.21865	41.5625	60.6385	-209.869	3.88861	1.58535	-204.395	0.393786
806.4	0.00297396	2.21872	41.5672	60.639	-209.866	3.9423	1.60421	-204.319	0.393318
795.325	0.00296702	2.21878	41.5721	60.6395	-209.862	3.99673	1.62325	-204.242	0.392844
784.402	0.00295998	2.21885	41.577	60.6399	-209.858	4.0519	1.64246	-204.164	0.392363
773.629	0.00295286	2.21892	41.582	60.6405	-209.854	4.10782	1.66184	-204.084	0.391876
763.004	0.00294564	2.21898	41.5871	60.641	-209.85	4.16451	1.68139	-204.004	0.391382
752.525	0.00293832	2.21905	41.5922	60.6415	-209.846	4.22198	1.70112	-203.923	0.390881
742.189	0.00293091	2.21912	41.5974	60.6421	-209.841	4.28023	1.72102	-203.84	0.390373
731.996	0.0029234	2.21919	41.6027	60.6426	-209.837	4.33928	1.74109	-203.757	0.389858
721.943	0.00291579	2.21927	41.6081	60.6432	-209.832	4.39913	1.76134	-203.672	0.389336
712.027	0.00290809	2.21934	41.6136	60.6438	-209.828	4.4598	1.78175	-203.586	0.388807
702.248	0.00290028	2.21942	41.6191	60.6444	-209.823	4.5213	1.80234	-203.499	0.388271
692.603	0.00289237	2.21949	41.6248	60.645	-209.818	4.58364	1.82309	-203.411	0.387727
683.091	0.00288436	2.21957	41.6305	60.6457	-209.813	4.64683	1.84402	-203.322	0.387176
673.709	0.00287624	2.21965	41.6363	60.6463	-209.808	4.71089	1.86511	-203.232	0.386618
664.457	0.00286802	2.21973	41.6422	60.647	-209.802	4.77581	1.88636	-203.14	0.386051
655.331	0.0028597	2.21981	41.6482	60.6477	-209.797	4.84163	1.90779	-203.048	0.385477
646.33	0.00285126	2.21989	41.6543	60.6484	-209.791	4.90834	1.92937	-202.954	0.384895
637.454	0.00284272	2.21997	41.6604	60.6492	-209.785	4.97595	1.95112	-202.858	0.384306
628.699	0.00283406	2.22006	41.6667	60.6499	-209.78	5.04449	1.97304	-202.762	0.383708
620.064	0.00282529	2.22014	41.6731	60.6507	-209.773	5.11397	1.99511	-202.664	0.383101
611.548	0.00281641	2.22023	41.6795	60.6515	-209.767	5.18439	2.01733	-202.565	0.382487
603.149	0.00280742	2.22032	41.6861	60.6524	-209.761	5.25576	2.03972	-202.465	0.381864
594.865	0.00279831	2.22041	41.6927	60.6532	-209.754	5.32811	2.06226	-202.364	0.381233
586.695	0.00278908	2.2205	41.6995	60.6541	-209.747	5.40145	2.08495	-202.261	0.380593
578.637	0.00277973	2.22059	41.7064	60.655	-209.74	5.47578	2.10779	-202.156	0.379944
570.69	0.00277027	2.22069	41.7134	60.6559	-209.733	5.55112	2.13077	-202.051	0.379286
562.852	0.00276068	2.22078	41.7204	60.6568	-209.725	5.62748	2.15391	-201.944	0.37862
555.122	0.00275097	2.22088	41.7276	60.6578	-209.718	5.70489	2.17718	-201.836	0.377944
547.498	0.00274114	2.22098	41.7349	60.6588	-209.71	5.78334	2.20059	-201.726	0.37726
539.979	0.00273118	2.22108	41.7424	60.6598	-209.702	5.86286	2.22414	-201.615	0.376565
532.562	0.0027211	2.22118	41.7499	60.6609	-209.694	5.94346	2.24782	-201.502	0.375862
525.248	0.00271089	2.22128	41.7575	60.662	-209.685	6.02515	2.27163	-201.388	0.375149
518.034	0.00270054	2.22139	41.7653	60.6631	-209.676	6.10795	2.29556	-201.273	0.374426
510.92	0.00269007	2.2215	41.7732	60.6642	-209.667	6.19187	2.31962	-201.156	0.373693
503.902	0.00267947	2.22161	41.7812	60.6654	-209.658	6.27693	2.34379	-201.037	0.372951
496.982	0.00266873	2.22172	41.7894	60.6666	-209.649	6.36314	2.36808	-200.917	0.372198
490.156	0.00265786	2.22183	41.7976	60.6678	-209.639	6.45052	2.39247	-200.796	0.371436
483.424	0.00264685	2.22194	41.806	60.6691	-209.629	6.53909	2.41697	-200.673	0.370663
476.785	0.0026357	2.22206	41.8146	60.6704	-209.619	6.62885	2.44157	-200.548	0.369879
470.237	0.00262441	2.22218	41.8232	60.6718	-209.608	6.71982	2.46627	-200.422	0.369085
463.778	0.00261299	2.2223	41.832	60.6731	-209.597	6.81203	2.49105	-200.294	0.368281
457.409	0.00260142	2.22242	41.8409	60.6746	-209.586	6.90548	2.51591	-200.165	0.367465
451.127	0.00258971	2.22254	41.85	60.676	-209.575	7.00019	2.54085	-200.034	0.366639
444.931	0.00257785	2.22267	41.8592	60.6775	-209.563	7.09619	2.56587	-199.901	0.365801
438.82	0.00256585	2.22279	41.8686	60.679	-209.551	7.19348	2.59095	-199.766	0.364952
432.793	0.0025537	2.22292	41.8781	60.6806	-209.538	7.29208	2.61608	-199.63	0.364092
426.849	0.0025414	2.22305	41.8878	60.6822	-209.526	7.39201	2.64127	-199.492	0.363221
420.987	0.00252895	2.22319	41.8976	60.6839	-209.512	7.49329	2.6665	-199.353	0.362337
415.205	0.00251634	2.22332	41.9075	60.6856	-209.499	7.59593	2.69177	-199.211	0.361442
409.502	0.00250359	2.22346	41.9177	60.6874	-209.485	7.69996	2.71707	-199.068	0.360535
403.878	0.00249067	2.2236	41.928	60.6892	-209.471	7.80539	2.74239	-198.923	0.359617
398.331	0.00247761	2.22375	41.9384	60.691	-209.456	7.91224	2.76772	-198.776	0.358685
392.861	0.00246438	2.22389	41.949	60.6929	-209.441	8.02052	2.79306	-198.628	0.357742
387.465	0.002451	2.22404	41.9598	60.6949	-209.426	8.13026	2.81839	-198.477	0.356786
382.143	0.00243745	2.22419	41.9707	60.6969	-209.41	8.24148	2.8437	-198.325	0.355818
376.895	0.00242375	2.22434	41.9819	60.699	-209.394	8.35419	2.86899	-198.171	0.354837
371.719	0.00240988	2.22449	41.9932	60.7011	-209.377	8.46841	2.89425	-198.014	0.353843
366.613	0.00239584	2.22465	42.0046	60.7032	-209.36	8.58417	2.91946	-197.856	0.352836
361.578	0.00238164	2.22481	42.0163	60.7055	-209.342	8.70148	2.94461	-197.696	0.351816
356.612	0.00236728	2.22497	42.0281	60.7078	-209.324	8.82036	2.9697	-197.534	0.350782
351.715	0.00235274	2.22514	42.0402	60.7101	-209.306	8.94084	2.99471	-197.37	0.349735
346.884	0.00233804	2.2253	42.0524	60.7125	-209.287	9.06293	3.01963	-197.204	0.348675
342.12	0.00232316	2.22547	42.0648	60.715	-209.267	9.18666	3.04444	-197.036	0.347601
337.421	0.00230811	2.22565	42.0774	60.7176	-209.247	9.31204	3.06914	-196.866	0.346513
332.787	0.00229289	2.22582	42.0902	60.7202	-209.226	9.43911	3.09371	-196.693	0.345411
328.216	0.0022775	2.226	42.1032	60.7229	-209.205	9.56787	3.11813	-196.519	0.344296
323.709	0.00226193	2.22618	42.1165	60.7256	-209.183	9.69835	3.1424	-196.343	0.343166
319.263	0.00224619	2.22637	42.1299	60.7285	-209.161	9.83057	3.1665	-196.164	0.342021
314.878	0.00223026	2.22656	42.1435	60.7314	-209.138	9.96456	3.19041	-195.983	0.340862
310.553	0.00221416	2.22675	42.1574	60.7344	-209.115	10.1003	3.21412	-195.8	0.339689
306.288	0.00219788	2.22694	42.1715	60.7374	-209.09	10.2379	3.23761	-195.615	0.338501
302.082	0.00218142	2.22714	42.1858	60.7406	-209.066	10.3774	3.26086	-195.427	0.337298
297.933	0.00216478	2.22734	42.2003	60.7438	-209.04	10.5186	3.28387	-195.238	0.33608
293.841	0.00214796	2.22754	42.215	60.7471	-209.014	10.6618	3.3066	-195.046	0.334847
289.805	0.00213095	2.22775	42.23	60.7505	-208.987	10.8069	3.32905	-194.851	0.3336
285.825	0.00211377	2.22796	42.2453	60.754	-208.96	10.9539	3.3512	-194.655	0.332336
281.899	0.0020964	2.22817	42.2607	60.7576	-208.931	11.1028	3.37302	-194.456	0.331058
278.028	0.00207884	2.22839	42.2764	60.7612	-208.903	11.2538	3.3945	-194.254	0.329764
274.209	0.0020611	2.22861	42.2924	60.765	-208.873	11.4067	3.41562	-194.05	0.328455
270.443	0.00204318	2.22883	42.3085	60.7688	-208.842	11.5617	3.43636	-193.844	0.32713
266.729	0.00202508	2.22906	42.325	60.7728	-208.811	11.7187	3.45669	-193.636	0.325789
263.066	0.00200679	2.22929	42.3417	60.7769	-208.779	11.8779	3.4766	-193.425	0.324433
259.453	0.00198831	2.22952	42.3586	60.781	-208.746	12.0391	3.49607	-193.211	0.323061
255.889	0.00196965	2.22976	42.3759	60.7853	-208.712	12.2024	3.51507	-192.995	0.321673
252.375	0.00195081	2.23	42.3933	60.7897	-208.678	12.368	3.53358	-192.776	0.320269
248.909	0.00193179	2.23025	42.4111	60.7942	-208.642	12.5357	3.55158	-192.555	0.31885
245.49	0.00191258	2.23049	42.4291	60.7988	-208.606	12.7057	3.56904	-192.331	0.317415
242.119	0.00189319	2.23075	42.4474	60.8035	-208.569	12.8779	3.58594	-192.105	0.315963
238.793	0.00187362	2.23101	42.466	60.8084	-208.53	13.0523	3.60226	-191.876	0.314496
235.514	0.00185387	2.23127	42.4848	60.8133	-208.491	13.2291	3.61797	-191.644	0.313014
232.279	0.00183394	2.23153	42.504	60.8184	-208.451	13.4083	3.63305	-191.41	0.311515
229.089	0.00181383	2.2318	42.5234	60.8236	-208.41	13.5897	3.64747	-191.173	0.31
225.943	0.00179355	2.23207	42.5431	60.829	-208.368	13.7736	3.66122	-190.933	0.30847
222.839	0.00177309	2.23235	42.5631	60.8344	-208.325	13.96	3.67425	-190.691	0.306925
219.779	0.00175246	2.23263	42.5834	60.84	-208.281	14.1487	3.68654	-190.445	0.305364
216.76	0.00173167	2.23292	42.604	60.8458	-208.235	14.34	3.69808	-190.197	0.303787
213.783	0.0017107	2.23321	42.6248	60.8516	-208.189	14.5338	3.70884	-189.946	0.302195
210.847	0.00168957	2.2335	42.646	60.8576	-208.142	14.7302	3.71878	-189.693	0.300589
207.952	0.00166828	2.2338	42.6675	60.8638	-208.093	14.9291	3.72788	-189.436	0.298967
205.095	0.00164684	2.2341	42.6893	60.8701	-208.044	15.1307	3.73611	-189.177	0.297331
202.279	0.00162523	2.23441	42.7113	60.8765	-207.993	15.335	3.74346	-188.914	0.29568
199.501	0.00160348	2.23472	42.7337	60.8831	-207.941	15.5419	3.74989	-188.649	0.294015
196.761	0.00158158	2.23504	42.7564	60.8899	-207.888	15.7516	3.75537	-188.381	0.292336
194.058	0.00155954	2.23536	42.7794	60.8968	-207.833	15.964	3.75989	-188.109	0.290644
191.393	0.00153736	2.23568	42.8027	60.9038	-207.778	16.1793	3.76341	-187.835	0.288939
188.764	0.00151505	2.23601	42.8263	60.911	-207.721	16.3973	3.76591	-187.558	0.28722
186.172	0.00149261	2.23634	42.8502	60.9184	-207.663	16.6183	3.76738	-187.277	0.28549
183.615	0.00147006	2.23668	42.8744	60.9259	-207.604	16.8422	3.76778	-186.994	0.283747
181.093	0.00144739	2.23702	42.8988	60.9336	-207.544	17.069	3.76708	-186.707	0.281993
178.606	0.00142461	2.23736	42.9236	60.9414	-207.482	17.2989	3.76528	-186.418	0.280228
176.153	0.00140173	2.23771	42.9487	60.9494	-207.419	17.5318	3.76234	-186.125	0.278453
173.734	0.00137875	2.23807	42.9741	60.9576	-207.355	17.7677	3.75825	-185.829	0.276668
171.348	0.0013557	2.23842	42.9997	60.9659	-207.289	18.0068	3.75299	-185.529	0.274874
168.994	0.00133256	2.23878	43.0257	60.9744	-207.222	18.2491	3.74654	-185.227	0.273071
166.673	0.00130936	2.23915	43.0519	60.9831	-207.154	18.4945	3.73889	-184.921	0.271261
164.384	0.0012861	2.23952	43.0784	60.9919	-207.085	18.7432	3.73001	-184.612	0.269444
162.126	0.00126279	2.23989	43.1051	61.0009	-207.015	18.9953	3.71991	-184.299	0.26762
159.9	0.00123944	2.24027	43.1321	61.01	-206.943	19.2506	3.70855	-183.984	0.265791
157.704	0.00121606	2.24065	43.1594	61.0193	-206.87	19.5094	3.69595	-183.664	0.263958
155.538	0.00119266	2.24103	43.1869	61.0288	-206.795	19.7716	3.68209	-183.342	0.262122
153.402	0.00116926	2.24142	43.2146	61.0384	-206.72	20.0373	3.66696	-183.016	0.260283
151.295	0.00114586	2.24181	43.2426	61.0482	-206.643	20.3066	3.65056	-182.686	0.258443
149.217	0.00112248	2.2422	43.2708	61.0582	-206.565	20.5794	3.6329	-182.353	0.256602
147.168	0.00109913	2.2426	43.2992	61.0683	-206.486	20.8559	3.61397	-182.016	0.254762
145.146	0.00107582	2.243	43.3277	61.0785	-206.406	21.1361	3.59378	-181.676	0.252924
143.153	0.00105257	2.2434	43.3565	61.0889	-206.325	21.4201	3.57234	-181.332	0.251089
141.187	0.00102939	2.2438	43.3854	61.0995	-206.243	21.7079	3.54966	-180.985	0.249259
139.248	0.00100629	2.2442	43.4145	61.1101	-206.159	21.9996	3.52574	-180.634	0.247434
137.335	0.000983284	2.24461	43.4437	61.1209	-206.075	22.2951	3.50062	-180.279	0.245616
135.449	0.000960395	2.24502	43.473	61.1319	-205.989	22.5947	3.4743	-179.92	0.243806
133.589	0.000937632	2.24543	43.5024	61.1429	-205.903	22.8984	3.44682	-179.558	0.242006
131.754	0.000915009	2.24584	43.5319	61.1541	-205.816	23.2061	3.41818	-179.192	0.240217
129.945	0.000892543	2.24625	43.5615	61.1654	-205.728	23.5181	3.38844	-178.822	0.23844
128.16	0.000870246	2.24666	43.5911	61.1768	-205.639	23.8343	3.35761	-178.447	0.236676
126.4	0.000848135	2.24708	43.6207	61.1883	-205.55	24.1548	3.32573	-178.069	0.234928
124.664	0.000826223	2.24749	43.6504	61.1998	-205.46	24.4796	3.29284	-177.687	0.233196
122.952	0.000804524	2.2479	43.68	61.2115	-205.369	24.809	3.25898	-177.301	0.231482
121.263	0.000783055	2.24831	43.7097	61.2232	-205.278	25.1428	3.2242	-176.911	0.229786
119.597	0.000761826	2.24873	43.7392	61.235	-205.186	25.4812	3.18853	-176.517	0.228111
117.955	0.000740854	2.24914	43.7687	61.2469	-205.094	25.8243	3.15202	-176.118	0.226458
116.335	0.00072015	2.24954	43.7981	61.2588	-205.002	26.1722	3.11473	-175.715	0.224827
114.737	0.000699728	2.24995	43.8274	61.2707	-204.91	26.5248	3.07671	-175.308	0.223221
113.161	0.000679599	2.25036	43.8566	61.2827	-204.817	26.8824	3.038	-174.896	0.22164
111.607	0.000659776	2.25076	43.8856	61.2947	-204.724	27.2449	2.99867	-174.48	0.220085
110.074	0.000640269	2.25116	43.9144	61.3067	-204.631	27.6124	2.95877	-174.06	0.218557
108.562	0.000621089	2.25156	43.9431	61.3187	-204.538	27.9851	2.91836	-173.635	0.217058
107.071	0.000602246	2.25195	43.9715	61.3307	-204.446	28.3629	2.87749	-173.205	0.215588
105.601	0.000583747	2.25234	43.9997	61.3427	-204.353	28.7461	2.83623	-172.771	0.214148
104.151	0.000565602	2.25273	44.0276	61.3547	-204.261	29.1346	2.79462	-172.332	0.212738
102.72	0.000547817	2.25311	44.0553	61.3666	-204.169	29.5286	2.75273	-171.888	0.211361
101.309	0.0005304	2.25349	44.0827	61.3785	-204.077	29.9281	2.71062	-171.439	0.210015
99.918	0.000513354	2.25386	44.1098	61.3903	-203.986	30.3333	2.66834	-170.985	0.208702
98.5457	0.000496686	2.25423	44.1366	61.402	-203.896	30.7441	2.62594	-170.526	0.207421
97.1923	0.000480398	2.2546	44.163	61.4137	-203.806	31.1608	2.58348	-170.062	0.206174
95.8574	0.000464495	2.25496	44.1891	61.4254	-203.717	31.5833	2.54101	-169.593	0.20496
94.5409	0.000448977	2.25531	44.2148	61.4369	-203.628	32.0118	2.49859	-169.118	0.20378
93.2425	0.000433847	2.25566	44.2402	61.4483	-203.541	32.4464	2.45626	-168.638	0.202634
91.9619	0.000419104	2.25601	44.2652	61.4596	-203.454	32.8871	2.41407	-168.153	0.201521
90.6988	0.000404749	2.25634	44.2898	61.4709	-203.368	33.3341	2.37206	-167.662	0.200442
89.4532	0.000390779	2.25668	44.314	61.482	-203.283	33.7874	2.33028	-167.165	0.199396
88.2246	0.000377194	2.257	44.3378	61.493	-203.199	34.2471	2.28876	-166.663	0.198384
87.0129	0.00036399	2.25732	44.3612	61.5039	-203.115	34.7134	2.24755	-166.154	0.197404
85.8179	0.000351165	2.25764	44.3841	61.5146	-203.033	35.1863	2.20667	-165.64	0.196457
84.6392	0.000338715	2.25795	44.4067	61.5252	-202.952	35.666	2.16617	-165.12	0.195542
83.4768	0.000326635	2.25825	44.4288	61.5357	-202.872	36.1524	2.12608	-164.594	0.194658
82.3303	0.00031492	2.25855	44.4505	61.546	-202.794	36.6458	2.08641	-164.061	0.193806
81.1996	0.000303565	2.25884	44.4718	61.5562	-202.716	37.1461	2.0472	-163.523	0.192984
80.0844	0.000292565	2.25912	44.4926	61.5662	-202.639	37.6536	2.00848	-162.977	0.192192
78.9845	0.000281912	2.2594	44.5131	61.5761	-202.564	38.1683	1.97025	-162.425	0.191429
77.8997	0.000271602	2.25967	44.5331	61.5859	-202.49	38.6903	1.93254	-161.867	0.190695
76.8298	0.000261625	2.25994	44.5526	61.5955	-202.417	39.2198	1.89537	-161.302	0.189988
75.7746	0.000251977	2.2602	44.5718	61.6049	-202.345	39.7568	1.85874	-160.73	0.189309
74.7339	0.000242649	2.26045	44.5905	61.6142	-202.275	40.3014	1.82268	-160.151	0.188656
73.7075	0.000233634	2.2607	44.6088	61.6233	-202.206	40.8537	1.7872	-159.565	0.188029
72.6952	0.000224925	2.26095	44.6268	61.6323	-202.138	41.4139	1.75229	-158.971	0.187427
71.6968	0.000216513	2.26118	44.6443	61.6411	-202.071	41.982	1.71797	-158.371	0.186849
70.7121	0.000208391	2.26141	44.6614	61.6497	-202.005	42.5582	1.68425	-157.763	0.186295
69.7409	0.000200551	2.26164	44.6781	61.6583	-201.941	43.1426	1.65112	-157.147	0.185763
68.7831	0.000192986	2.26186	44.6944	61.6666	-201.878	43.7353	1.61859	-156.524	0.185254
67.8384	0.000185688	2.26207	44.7103	61.6748	-201.816	44.3363	1.58666	-155.893	0.184765
66.9067	0.000178648	2.26228	44.7259	61.6828	-201.755	44.9459	1.55533	-155.253	0.184297
65.9878	0.000171859	2.26249	44.7411	61.6907	-201.695	45.5641	1.52461	-154.606	0.183849
65.0815	0.000165314	2.26269	44.7559	61.6985	-201.637	46.1911	1.49447	-153.951	0.183419
64.1877	0.000159005	2.26288	44.7704	61.7061	-201.579	46.827	1.46493	-153.287	0.183009
63.3061	0.000152924	2.26307	44.7845	61.7135	-201.523	47.4718	1.43598	-152.615	0.182615
62.4367	0.000147065	2.26326	44.7983	61.7208	-201.468	48.1258	1.40761	-151.935	0.182239
61.5791	0.00014142	2.26344	44.8117	61.728	-201.414	48.789	1.37983	-151.245	0.181879
60.7334	0.000135982	2.26361	44.8248	61.735	-201.361	49.4616	1.35261	-150.547	0.181535
59.8993	0.000130744	2.26378	44.8376	61.7419	-201.309	50.1437	1.32596	-149.84	0.181205
59.0766	0.000125699	2.26395	44.8501	61.7486	-201.259	50.8355	1.29987	-149.123	0.18089
58.2652	0.000120841	2.26411	44.8623	61.7552	-201.209	51.5369	1.27433	-148.398	0.18059
57.465	0.000116164	2.26427	44.8742	61.7617	-201.16	52.2483	1.24933	-147.663	0.180302
56.6758	0.00011166	2.26442	44.8857	61.768	-201.113	52.9697	1.22486	-146.918	0.180027
55.8974	0.000107325	2.26457	44.897	61.7742	-201.066	53.7013	1.20093	-146.164	0.179764
55.1297	0.000103151	2.26472	44.908	61.7803	-201.02	54.4432	1.1775	-145.399	0.179514
54.3725	9.91344e-05	2.26486	44.9188	61.7863	-200.975	55.1956	1.15459	-144.625	0.179274
53.6258	9.52679e-05	2.265	44.9293	61.7921	-200.931	55.9585	1.13218	-143.841	0.179045
52.8893	9.15468e-05	2.26513	44.9395	61.7979	-200.888	56.7322	1.11026	-143.046	0.178826
52.1629	8.79656e-05	2.26526	44.9495	61.8035	-200.846	57.5168	1.08881	-142.241	0.178618
51.4465	8.45194e-05	2.26539	44.9592	61.809	-200.805	58.3124	1.06784	-141.425	0.178418
50.7399	8.12033e-05	2.26552	44.9687	61.8144	-200.765	59.1191	1.04734	-140.598	0.178228
50.043	7.80124e-05	2.26564	44.9779	61.8196	-200.725	59.9373	1.02728	-139.761	0.178046
49.3557	7.49421e-05	2.26576	44.9869	61.8248	-200.687	60.7669	1.00767	-138.912	0.177873
48.6779	7.19879e-05	2.26587	44.9957	61.8299	-200.649	61.6082	0.98849	-138.052	0.177707
48.0093	6.91457e-05	2.26598	45.0043	61.8348	-200.612	62.4613	0.969738	-137.181	0.177549
47.3499	6.64112e-05	2.26609	45.0127	61.8397	-200.575	63.3263	0.951402	-136.298	0.177399
46.6996	6.37804e-05	2.2662	45.0209	61.8444	-200.54	64.2035	0.933474	-135.403	0.177255
46.0583	6.12494e-05	2.26631	45.0289	61.8491	-200.505	65.093	0.915943	-134.496	0.177117
45.4257	5.88146e-05	2.26641	45.0366	61.8536	-200.471	65.995	0.898802	-133.577	0.176987
44.8018	5.64723e-05	2.26651	45.0442	61.8581	-200.438	66.9097	0.882042	-132.646	0.176862
44.1865	5.42191e-05	2.2666	45.0517	61.8625	-200.405	67.8371	0.865655	-131.702	0.176742
43.5796	5.20515e-05	2.2667	45.0589	61.8668	-200.373	68.7776	0.849631	-130.746	0.176629
42.9811	4.99665e-05	2.26679	45.066	61.871	-200.341	69.7312	0.833963	-129.776	0.176521
42.3908	4.79609e-05	2.26688	45.0729	61.8751	-200.311	70.6982	0.818642	-128.794	0.176417
41.8086	4.60316e-05	2.26696	45.0796	61.8792	-200.28	71.6787	0.803661	-127.798	0.176319
41.2344	4.41759e-05	2.26705	45.0862	61.8831	-200.251	72.673	0.789012	-126.789	0.176225
40.6681	4.2391e-05	2.26713	45.0926	61.887	-200.222	73.6812	0.774687	-125.766	0.176135
40.1095	4.06741e-05	2.26721	45.0989	61.8908	-200.194	74.7035	0.760679	-124.729	0.17605
39.5586	3.90228e-05	2.26729	45.105	61.8945	-200.166	75.7401	0.74698	-123.679	0.175969
39.0153	3.74346e-05	2.26737	45.111	61.8982	-200.139	76.7913	0.733583	-122.614	0.175891
38.4795	3.5907e-05	2.26744	45.1168	61.9018	-200.112	77.8571	0.720481	-121.534	0.175817
37.951	3.44379e-05	2.26752	45.1225	61.9053	-200.086	78.9378	0.707668	-120.44	0.175747
37.4298	3.30249e-05	2.26759	45.1281	61.9087	-200.06	80.0337	0.695135	-119.332	0.17568
36.9157	3.16661e-05	2.26766	45.1335	61.9121	-200.035	81.1448	0.682879	-118.208	0.175616
36.4087	3.03593e-05	2.26773	45.1389	61.9154	-200.011	82.2715	0.67089	-117.068	0.175556
35.9087	2.91025e-05	2.26779	45.1441	61.9187	-199.987	83.414	0.659163	-115.913	0.175498
35.4155	2.7894e-05	2.26786	45.1491	61.9218	-199.963	84.5724	0.647693	-114.743	0.175443
34.9291	2.67319e-05	2.26792	45.1541	61.925	-199.94	85.7471	0.636473	-113.556	0.17539
34.4494	2.56144e-05	2.26798	45.159	61.928	-199.917	86.9381	0.625497	-112.353	0.175341
33.9762	2.454e-05	2.26804	45.1637	61.931	-199.895	88.1457	0.61476	-111.134	0.175293
33.5096	2.35068e-05	2.2681	45.1684	61.934	-199.873	89.3703	0.604256	-109.898	0.175248
33.0494	2.25135e-05	2.26816	45.1729	61.9368	-199.851	90.6119	0.59398	-108.646	0.175205
32.5955	2.15585e-05	2.26822	45.1773	61.9397	-199.83	91.8709	0.583927	-107.376	0.175165
32.1478	2.06404e-05	2.26827	45.1817	61.9425	-199.81	93.1475	0.57409	-106.088	0.175126
31.7063	1.97578e-05	2.26833	45.1859	61.9452	-199.79	94.4419	0.564467	-104.783	0.175089
31.2708	1.89093e-05	2.26838	45.1901	61.9479	-199.77	95.7544	0.555051	-103.46	0.175054
30.8413	1.80938e-05	2.26843	45.1942	61.9505	-199.75	97.0852	0.545838	-102.119	0.175021
30.4178	1.73099e-05	2.26848	45.1981	61.9531	-199.731	98.4345	0.536822	-100.76	0.17499
30	1.65566e-05	2.26853	45.202	61.9556	-199.713	99.8027	0.528001	-99.382	0.17496
29.588	1.58325e-05	2.26858	45.2058	61.9581	-199.694	101.19	0.519369	-97.985	0.174932
29.1816	1.51367e-05	2.26862	45.2096	61.9605	-199.676	102.597	0.510922	-96.5687	0.174905
28.7808	1.44682e-05	2.26867	45.2132	61.9629	-199.659	104.023	0.502656	-95.133	0.17488
28.3855	1.38258e-05	2.26871	45.2168	61.9652	-199.641	105.469	0.494567	-93.6776	0.174856
27.9957	1.32086e-05	2.26876	45.2203	61.9675	-199.624	106.936	0.486651	-92.2021	0.174833
27.6112	1.26157e-05	2.2688	45.2237	61.9698	-199.608	108.422	0.478904	-90.7064	0.174812
27.232	1.20462e-05	2.26884	45.227	61.972	-199.591	109.93	0.471322	-89.19	0.174791
26.858	1.14992e-05	2.26888	45.2303	61.9742	-199.575	111.459	0.463902	-87.6527	0.174772
26.4891	1.09738e-05	2.26892	45.2335	61.9763	-199.559	113.009	0.456641	-86.0942	0.174754
26.1253	1.04694e-05	2.26896	45.2367	61.9784	-199.544	114.58	0.449534	-84.5143	0.174737
25.7665	9.98502e-06	2.269	45.2398	61.9805	-199.529	116.174	0.442578	-82.9126	0.174721
25.4126	9.51998e-06	2.26904	45.2428	61.9825	-199.514	117.789	0.435771	-81.2887	0.174706
25.0636	9.07359e-06	2.26908	45.2457	61.9845	-199.499	119.428	0.429108	-79.6425	0.174691
24.7194	8.64515e-06	2.26911	45.2486	61.9864	-199.485	121.089	0.422588	-77.9736	0.174678
24.3799	8.23398e-06	2.26915	45.2515	61.9884	-199.471	122.773	0.416206	-76.2816	0.174665
24.045	7.83946e-06	2.26918	45.2543	61.9902	-199.457	124.481	0.409961	-74.5662	0.174654
23.7148	7.46095e-06	2.26921	45.257	61.9921	-199.443	126.212	0.403848	-72.8271	0.174643
23.3891	7.09788e-06	2.26925	45.2597	61.9939	-199.43	127.968	0.397866	-71.0641	0.174632
23.0678	6.74967e-06	2.26928	45.2623	61.9957	-199.417	129.748	0.392011	-69.2766	0.174623
22.751	6.41578e-06	2.26931	45.2648	61.9975	-199.404	131.553	0.386281	-67.4644	0.174614
22.4386	6.09567e-06	2.26934	45.2674	61.9992	-199.391	133.383	0.380674	-65.6272	0.174605
22.1304	5.78882e-06	2.26937	45.2698	62.0009	-199.379	135.239	0.375187	-63.7646	0.174598
21.8265	5.49477e-06	2.2694	45.2722	62.0026	-199.366	137.12	0.369817	-61.8762	0.17459
21.5267	5.21302e-06	2.26943	45.2746	62.0042	-199.354	139.028	0.364562	-59.9617	0.174584
21.231	4.94313e-06	2.26946	45.2769	62.0058	-199.342	140.962	0.35942	-58.0207	0.174578
20.9394	4.68466e-06	2.26949	45.2792	62.0074	-199.331	142.924	0.354389	-56.0528	0.174572
20.6519	4.43719e-06	2.26952	45.2815	62.0089	-199.319	144.912	0.349467	-54.0577	0.174567
20.3682	4.20029e-06	2.26954	45.2837	62.0105	-199.308	146.929	0.34465	-52.0349	0.174562
20.0885	3.9736e-06	2.26957	45.2858	62.012	-199.297	148.973	0.339938	-49.9841	0.174558
19.8126	3.75672e-06	2.2696	45.2879	62.0134	-199.286	151.046	0.335328	-47.905	0.174554
19.5405	3.5493e-06	2.26962	45.29	62.0149	-199.276	153.148	0.330818	-45.797	0.17455
19.2721	3.35099e-06	2.26965	45.292	62.0163	-199.265	155.279	0.326406	-43.6598	0.174547
19.0074	3.16144e-06	2.26967	45.294	62.0177	-199.255	157.44	0.322091	-41.493	0.174544
18.7464	2.98034e-06	2.26969	45.296	62.0191	-199.245	159.631	0.317871	-39.2961	0.174542
18.4889	2.80736e-06	2.26972	45.2979	62.0205	-199.235	161.852	0.313744	-37.0689	0.17454
18.235	2.64221e-06	2.26974	45.2998	62.0218	-199.225	164.105	0.309707	-34.8107	0.174538
17.9845	2.4846e-06	2.26976	45.3017	62.0231	-199.216	166.389	0.305761	-32.5213	0.174537
17.7375	2.33424e-06	2.26979	45.3035	62.0244	-199.206	168.704	0.301902	-30.2001	0.174535
17.4939	2.19086e-06	2.26981	45.3053	62.0257	-199.197	171.052	0.29813	-27.8467	0.174534
17.2537	2.05421e-06	2.26983	45.307	62.0269	-199.188	173.433	0.294442	-25.4606	0.174534
17.0167	1.92403e-06	2.26985	45.3088	62.0282	-199.179	175.847	0.290837	-23.0414	0.174533
16.783	1.80008e-06	2.26987	45.3104	62.0294	-199.17	178.294	0.287315	-20.5887	0.174533
16.5525	1.68213e-06	2.26989	45.3121	62.0306	-199.161	180.776	0.283873	-18.102	0.174533
16.3251	1.56994e-06	2.26991	45.3137	62.0318	-199.153	183.292	0.280509	-15.5806	0.174533
16.1009	1.46332e-06	2.26993	45.3153	62.0329	-199.145	185.843	0.277224	-13.0244	0.174533
15.8798	1.36204e-06	2.26995	45.3169	62.034	-199.136	188.43	0.274014	-10.4327	0.174534
15.6617	1.2659e-06	2.26997	45.3185	62.0352	-199.128	191.052	0.27088	-7.8049	0.174535
15.4466	1.17471e-06	2.26999	45.32	62.0363	-199.12	193.712	0.267819	-5.1407	0.174536
15.2345	1.08829e-06	2.27	45.3215	62.0373	-199.112	196.408	0.264831	-2.43959	0.174537
15.0252	1.00645e-06	2.27002	45.323	62.0384	-199.105	199.142	0.261915	0.299203	0.174538
14.8189	9.29016e-07	2.27004	45.3244	62.0395	-199.097	201.914	0.259068	3.07581	0.174539
14.6153	8.55819e-07	2.27006	45.3258	62.0405	-199.09	204.724	0.256291	5.89117	0.174541
14.4146	7.86701e-07	2.27007	45.3272	62.0415	-199.082	207.574	0.253582	8.74557	0.174542
14.2166	7.21505e-07	2.27009	45.3286	62.0425	-199.075	210.464	0.250939	11.6396	0.174544
14.0214	6.60081e-07	2.27011	45.3299	62.0435	-199.068	213.393	0.248363	14.5738	0.174546
13.8288	6.02278e-07	2.27012	45.3313	62.0445	-199.061	216.364	0.245851	17.5489	0.174548
13.6389	5.47966e-07	2.27014	45.3326	62.0454	-199.054	219.376	0.243404	20.5651	0.17455
13.4516	4.97001e-07	2.27015	45.3338	62.0464	-199.047	222.43	0.241019	23.6234	0.174552
13.2668	4.49256e-07	2.27017	45.3351	62.0473	-199.04	225.526	0.238696	26.7242	0.174554
13.0846	4.04606e-07	2.27018	45.3363	62.0482	-199.034	228.665	0.236434	29.868	0.174557
12.9049	3.62931e-07	2.2702	45.3376	62.0491	-199.027	231.849	0.234233	33.0554	0.174559
12.7277	3.2411e-07	2.27021	45.3388	62.05	-199.021	235.076	0.232091	36.2872	0.174562
12.5529	2.88036e-07	2.27023	45.3399	62.0509	-199.015	238.349	0.230007	39.5639	0.174564
12.3805	2.54593e-07	2.27024	45.3411	62.0517	-199.009	241.667	0.227981	42.8863	0.174567
12.2104	2.23684e-07	2.27026	45.3422	62.0526	-199.003	245.031	0.226012	46.2546	0.174569
12.0427	1.95203e-07	2.27027	45.3434	62.0534	-198.997	248.442	0.224099	49.6699	0.174572
11.8773	1.69053e-07	2.27028	45.3445	62.0542	-198.991	251.901	0.222241	53.1327	0.174575
11.7142	1.45143e-07	2.2703	45.3455	62.0551	-198.985	255.408	0.220438	56.6435	0.174578
11.5533	1.23378e-07	2.27031	45.3466	62.0559	-198.979	258.964	0.218688	60.2033	0.174581
11.3947	1.03675e-07	2.27032	45.3477	62.0566	-198.974	262.569	0.216992	63.8124	0.174583
11.2381	8.59459e-08	2.27033	45.3487	62.0574	-198.968	266.225	0.215349	67.4718	0.174586
11.0838	7.01115e-08	2.27035	45.3497	62.0582	-198.963	269.931	0.213757	71.1821	0.174589
10.9316	5.60938e-08	2.27036	45.3507	62.059	-198.957	273.689	0.212217	74.9438	0.174592
10.7814	4.38153e-08	2.27037	45.3517	62.0597	-198.952	277.499	0.210727	78.7581	0.174595
10.6334	3.3205e-08	2.27038	45.3527	62.0604	-198.947	281.363	0.209287	82.6252	0.174599
10.4873	2.41912e-08	2.27039	45.3537	62.0612	-198.942	285.28	0.207896	86.5461	0.174602
10.3433	1.67064e-08	2.2704	45.3546	62.0619	-198.937	289.252	0.206554	90.5218	0.174605
10.2012	1.06859e-08	2.27042	45.3555	62.0626	-198.932	293.279	0.20526	94.5524	0.174608
10.0611	6.06585e-09	2.27043	45.3565	62.0633	-198.927	297.362	0.204014	98.6394	0.174611
9.92295	2.78598e-09	2.27044	45.3574	62.064	-198.922	301.502	0.202816	102.783	0.174614
9.78667	7.87559e-10	2.27045	45.3583	62.0646	-198.917	305.7	0.201664	106.984	0.174617
9.65225	1.38004e-11	2.27046	45.3591	62.0653	-198.913	309.956	0.200557	111.244	0.174621
9.51969	4.10536e-10	2.27047	45.36	62.066	-198.908	314.272	0.199497	115.563	0.174624
9.38894	1.92517e-09	2.27048	45.3609	62.0666	-198.903	318.647	0.198481	119.942	0.174627
9.25999	4.507e-09	2.27049	45.3617	62.0673	-198.899	323.084	0.197511	124.382	0.17463
9.13282	8.107e-09	2.2705	45.3625	62.0679	-198.894	327.582	0.196585	128.884	0.174633
9.00739	1.26784e-08	2.27051	45.3633	62.0685	-198.89	332.143	0.195702	133.448	0.174637
8.88368	1.81759e-08	2.27052	45.3641	62.0691	-198.886	336.767	0.194863	138.076	0.17464
8.76167	2.45556e-08	2.27053	45.3649	62.0698	-198.882	341.456	0.194067	142.769	0.174643
8.64133	3.17759e-08	2.27054	45.3657	62.0704	-198.877	346.211	0.193313	147.526	0.174646
8.52265	3.97951e-08	2.27055	45.3665	62.0709	-198.873	351.031	0.192601	152.35	0.174649
8.4056	4.85747e-08	2.27056	45.3673	62.0715	-198.869	355.918	0.191932	157.241	0.174653
8.29016	5.80768e-08	2.27057	45.368	62.0721	-198.865	360.874	0.191303	162.2	0.174656
8.1763	6.82654e-08	2.27058	45.3688	62.0727	-198.861	365.898	0.190716	167.228	0.174659
8.064	7.91057e-08	2.27058	45.3695	62.0733	-198.857	370.993	0.19017	172.326	0.174662
7.95325	9.05631e-08	2.27059	45.3702	62.0738	-198.854	376.159	0.189663	177.495	0.174665
7.84402	1.02605e-07	2.2706	45.3709	62.0744	-198.85	381.396	0.189197	182.735	0.174669
7.73629	1.15201e-07	2.27061	45.3716	62.0749	-198.846	386.706	0.188771	188.049	0.174672
7.63004	1.28321e-07	2.27062	45.3723	62.0755	-198.842	392.091	0.188384	193.437	0.174675
7.52525	1.41935e-07	2.27063	45.373	62.076	-198.839	397.55	0.188036	198.899	0.174678
7.42189	1.56016e-07	2.27063	45.3737	62.0765	-198.835	403.086	0.187727	204.438	0.174681
7.31996	1.70536e-07	2.27064	45.3744	62.077	-198.832	408.698	0.187457	210.054	0.174684
7.21943	1.8547e-07	2.27065	45.375	62.0776	-198.828	414.388	0.187225	215.747	0.174687
7.12027	2.00793e-07	2.27066	45.3757	62.0781	-198.825	420.159	0.187031	221.521	0.17469
7.02248	2.1648e-07	2.27067	45.3763	62.0786	-198.821	426.009	0.186874	227.374	0.174693
6.92603	2.32508e-07	2.27067	45.377	62.0791	-198.818	431.941	0.186756	233.309	0.174696
6.83091	2.48857e-07	2.27068	45.3776	62.0796	-198.815	437.955	0.186674	239.327	0.174699
6.73709	2.65502e-07	2.27069	45.3782	62.0801	-198.811	444.053	0.18663	245.428	0.174702
6.64457	2.82425e-07	2.2707	45.3788	62.0805	-198.808	450.236	0.186622	251.614	0.174705
6.55331	2.99605e-07	2.2707	45.3794	62.081	-198.805	456.505	0.186651	257.886	0.174708
6.4633	3.17027e-07	2.27071	45.38	62.0815	-198.802	462.862	0.186716	264.246	0.174711
6.37454	3.34664e-07	2.27072	45.3806	62.082	-198.799	469.306	0.186817	270.694	0.174714
6.28699	3.52505e-07	2.27073	45.3812	62.0824	-198.796	475.841	0.186955	277.232	0.174717
6.20064	3.70533e-07	2.27073	45.3818	62.0829	-198.793	482.467	0.187128	283.861	0.17472
6.11548	3.88728e-07	2.27074	45.3824	62.0834	-198.79	489.184	0.187337	290.582	0.174723
6.03149	4.07077e-07	2.27075	45.383	62.0838	-198.787	495.996	0.187581	297.397	0.174725
5.94865	4.25566e-07	2.27076	45.3835	62.0843	-198.784	502.902	0.187861	304.306	0.174728
5.86695	4.44177e-07	2.27076	45.3841	62.0847	-198.781	509.905	0.188175	311.312	0.174731
5.78637	4.62899e-07	2.27077	45.3846	62.0851	-198.778	517.005	0.188525	318.416	0.174734
5.7069	4.81717e-07	2.27078	45.3852	62.0856	-198.775	524.204	0.188909	325.618	0.174737
5.62852	5.0062e-07	2.27078	45.3857	62.086	-198.773	531.503	0.189328	332.92	0.174739
5.55122	5.19592e-07	2.27079	45.3863	62.0864	-198.77	538.904	0.189782	340.324	0.174742
5.47498	5.38625e-07	2.2708	45.3868	62.0869	-198.767	546.408	0.19027	347.831	0.174745
5.39979	5.57705e-07	2.2708	45.3873	62.0873	-198.764	554.016	0.190792	355.442	0.174747
5.32562	5.76826e-07	2.27081	45.3878	62.0877	-198.762	561.731	0.191348	363.16	0.17475
5.25248	5.95971e-07	2.27082	45.3884	62.0881	-198.759	569.552	0.191939	370.985	0.174753
5.18034	6.15137e-07	2.27082	45.3889	62.0886	-198.757	577.483	0.192562	378.919	0.174755
5.1092	6.34304e-07	2.27083	45.3894	62.089	-198.754	585.523	0.193221	386.963	0.174758
5.03902	6.53478e-07	2.27084	45.3899	62.0894	-198.751	593.677	0.193912	395.12	0.17476
4.96982	6.72635e-07	2.27084	45.3904	62.0898	-198.749	601.943	0.194637	403.389	0.174763
4.90156	6.91777e-07	2.27085	45.3909	62.0902	-198.746	610.325	0.195395	411.774	0.174765
4.83424	7.10891e-07	2.27085	45.3914	62.0906	-198.744	618.824	0.196187	420.276	0.174768
4.76785	7.29968e-07	2.27086	45.3919	62.091	-198.741	627.44	0.197012	428.896	0.17477
4.70237	7.49005e-07	2.27087	45.3924	62.0914	-198.739	636.177	0.19787	437.636	0.174773
4.63778	7.67994e-07	2.27087	45.3929	62.0918	-198.737	645.036	0.198762	446.498	0.174775
4.57409	7.86925e-07	2.27088	45.3933	62.0922	-198.734	654.017	0.199686	455.483	0.174777
4.51127	8.05796e-07	2.27088	45.3938	62.0925	-198.732	663.124	0.200643	464.593	0.17478
4.44931	8.24596e-07	2.27089	45.3943	62.0929	-198.729	672.358	0.201633	473.83	0.174782
4.3882	8.43326e-07	2.2709	45.3948	62.0933	-198.727	681.721	0.202656	483.196	0.174784
4.32793	8.61973e-07	2.2709	45.3952	62.0937	-198.725	691.214	0.203712	492.692	0.174787
4.26849	8.80537e-07	2.27091	45.3957	62.0941	-198.723	700.838	0.2048	502.321	0.174789
4.20987	8.99009e-07	2.27092	45.3962	62.0945	-198.72	710.597	0.20592	512.082	0.174791
4.15205	9.17387e-07	2.27092	45.3966	62.0948	-198.718	720.491	0.207074	521.981	0.174793
4.09502	9.35666e-07	2.27093	45.3971	62.0952	-198.716	730.525	0.20826	532.017	0.174796
4.03878	9.5384e-07	2.27093	45.3976	62.0956	-198.714	740.697	0.209478	542.193	0.174798
3.98331	9.71905e-07	2.27094	45.398	62.096	-198.711	751.011	0.210729	552.51	0.1748
3.92861	9.89857e-07	2.27095	45.3985	62.0963	-198.709	761.467	0.212011	562.97	0.174802
3.87465	1.0077e-06	2.27095	45.3989	62.0967	-198.707	772.071	0.213327	573.578	0.174804
3.82143	1.02542e-06	2.27096	45.3994	62.0971	-198.705	782.823	0.214674	584.333	0.174806
3.76895	1.04301e-06	2.27096	45.3998	62.0975	-198.703	793.723	0.216054	595.236	0.174808
3.71719	1.06048e-06	2.27097	45.4003	62.0978	-198.701	804.774	0.217466	606.291	0.17481
3.66613	1.07782e-06	2.27098	45.4007	62.0982	-198.698	815.982	0.21891	617.503	0.174812
3.61578	1.09503e-06	2.27098	45.4012	62.0986	-198.696	827.344	0.220387	628.868	0.174814
3.56612	1.1121e-06	2.27099	45.4016	62.0989	-198.694	838.865	0.221895	640.393	0.174816
3.51715	1.12904e-06	2.27099	45.402	62.0993	-198.692	850.544	0.223435	652.075	0.174818
3.46884	1.14584e-06	2.271	45.4025	62.0997	-198.69	862.389	0.225008	663.924	0.17482
3.4212	1.16249e-06	2.271	45.4029	62.1	-198.688	874.397	0.226612	675.936	0.174822
3.37421	1.17901e-06	2.27101	45.4034	62.1004	-198.686	886.574	0.228249	688.116	0.174824
3.32787	1.19537e-06	2.27102	45.4038	62.1008	-198.684	898.919	0.229917	700.465	0.174826
3.28216	1.21159e-06	2.27102	45.4042	62.1011	-198.682	911.437	0.231618	712.987	0.174828
3.23709	1.22765e-06	2.27103	45.4047	62.1015	-198.68	924.126	0.23335	725.68	0.17483
3.19263	1.24357e-06	2.27103	45.4051	62.1019	-198.678	936.995	0.235115	738.552	0.174831
3.14878	1.25934e-06	2.27104	45.4056	62.1022	-198.676	950.043	0.236911	751.604	0.174833
3.10553	1.27495e-06	2.27105	45.406	62.1026	-198.674	963.274	0.238739	764.839	0.174835
3.06288	1.2904e-06	2.27105	45.4064	62.103	-198.672	976.686	0.2406	778.255	0.174837
3.02082	1.3057e-06	2.27106	45.4069	62.1033	-198.67	990.285	0.242491	791.857	0.174838
2.97933	1.32085e-06	2.27106	45.4073	62.1037	-198.668	1004.07	0.244415	805.651	0.17484
2.93841	1.33583e-06	2.27107	45.4077	62.1041	-198.666	1018.06	0.246371	819.637	0.174842
2.89805	1.35066e-06	2.27108	45.4082	62.1045	-198.664	1032.23	0.24836	833.819	0.174844
2.85825	1.36532e-06	2.27108	45.4086	62.1048	-198.662	1046.61	0.250379	848.196	0.174845
2.81899	1.37982e-06	2.27109	45.4091	62.1052	-198.66	1061.18	0.252431	862.775	0.174847
2.78028	1.39416e-06	2.2711	45.4095	62.1056	-198.658	1075.96	0.254515	877.554	0.174848
2.74209	1.40834e-06	2.2711	45.4099	62.1059	-198.656	1090.94	0.25663	892.543	0.17485
2.70443	1.42236e-06	2.27111	45.4104	62.1063	-198.654	1106.13	0.258778	907.738	0.174852
2.66729	1.43622e-06	2.27111	45.4108	62.1067	-198.652	1121.53	0.260957	923.143	0.174853
2.63066	1.44991e-06	2.27112	45.4113	62.1071	-198.65	1137.15	0.263168	938.764	0.174855
2.59453	1.46343e-06	2.27113	45.4117	62.1075	-198.648	1152.98	0.265412	954.603	0.174856
2.55889	1.47679e-06	2.27113	45.4122	62.1078	-198.646	1169.04	0.267688	970.665	0.174858
2.52375	1.49e-06	2.27114	45.4126	62.1082	-198.644	1185.32	0.269994	986.946	0.174859
2.48909	1.50303e-06	2.27115	45.4131	62.1086	-198.642	1201.82	0.272333	1003.46	0.174861
2.4549	1.5159e-06	2.27115	45.4135	62.109	-198.64	1218.56	0.274705	1020.2	0.174862
2.42119	1.52861e-06	2.27116	45.414	62.1094	-198.638	1235.53	0.277108	1037.17	0.174864
2.38793	1.54115e-06	2.27117	45.4144	62.1098	-198.636	1252.74	0.279544	1054.38	0.174865
2.35514	1.55353e-06	2.27117	45.4149	62.1102	-198.634	1270.18	0.282011	1071.82	0.174867
2.32279	1.56575e-06	2.27118	45.4153	62.1105	-198.631	1287.87	0.284511	1089.52	0.174868
2.29089	1.5778e-06	2.27119	45.4158	62.1109	-198.629	1305.8	0.287043	1107.46	0.174869
2.25943	1.58969e-06	2.27119	45.4162	62.1113	-198.627	1323.98	0.289606	1125.64	0.174871
2.22839	1.60142e-06	2.2712	45.4167	62.1117	-198.625	1342.42	0.292203	1144.09	0.174872
2.19779	1.61297e-06	2.27121	45.4172	62.1121	-198.623	1361.11	0.294831	1162.78	0.174873
2.1676	1.62438e-06	2.27121	45.4176	62.1125	-198.621	1380.07	0.297492	1181.74	0.174875
2.13783	1.63561e-06	2.27122	45.4181	62.1129	-198.619	1399.28	0.300185	1200.97	0.174876
2.10847	1.64669e-06	2.27123	45.4186	62.1134	-198.617	1418.77	0.302911	1220.45	0.174877
2.07952	1.6576e-06	2.27123	45.4191	62.1138	-198.615	1438.52	0.305667	1240.21	0.174879
2.05095	1.66836e-06	2.27124	45.4195	62.1142	-198.613	1458.56	0.308458	1260.25	0.17488
2.02279	1.67895e-06	2.27125	45.42	62.1146	-198.611	1478.86	0.31128	1280.56	0.174881
1.99501	1.68938e-06	2.27126	45.4205	62.115	-198.609	1499.45	0.314135	1301.16	0.174882
1.96761	1.69966e-06	2.27126	45.421	62.1154	-198.606	1520.33	0.317022	1322.05	0.174883
1.94058	1.70977e-06	2.27127	45.4215	62.1159	-198.604	1541.51	0.319943	1343.23	0.174885
1.91393	1.71973e-06	2.27128	45.422	62.1163	-198.602	1562.97	0.322896	1364.69	0.174886
1.88764	1.72953e-06	2.27129	45.4225	62.1167	-198.6	1584.74	0.325882	1386.47	0.174887
1.86172	1.73918e-06	2.27129	45.423	62.1172	-198.598	1606.8	0.3289	1408.54	0.174888
1.83615	1.74866e-06	2.2713	45.4235	62.1176	-198.595	1629.18	0.331951	1430.92	0.174889
1.81093	1.758e-06	2.27131	45.424	62.118	-198.593	1651.87	0.335035	1453.61	0.17489
1.78606	1.76717e-06	2.27132	45.4245	62.1185	-198.591	1674.87	0.338152	1476.62	0.174892
1.76153	1.7762e-06	2.27132	45.425	62.1189	-198.589	1698.19	0.341302	1499.94	0.174893
1.73734	1.78507e-06	2.27133	45.4255	62.1194	-198.586	1721.84	0.344485	1523.59	0.174894
1.71348	1.79379e-06	2.27134	45.4261	62.1198	-198.584	1745.81	0.347701	1547.57	0.174895
1.68994	1.80235e-06	2.27135	45.4266	62.1203	-198.582	1770.13	0.350951	1571.9	0.174896
1.66673	1.81077e-06	2.27136	45.4271	62.1208	-198.579	1794.78	0.354234	1596.55	0.174897
1.64384	1.81904e-06	2.27136	45.4276	62.1212	-198.577	1819.77	0.35755	1621.55	0.174898
1.62126	1.82715e-06	2.27137	45.4282	62.1217	-198.575	1845.11	0.360901	1646.9	0.174899
1.599	1.83511e-06	2.27138	45.4287	62.1222	-198.572	1870.8	0.364283	1672.59	0.1749
1.57704	1.84293e-06	2.27139	45.4293	62.1227	-198.57	1896.85	0.3677	1698.65	0.174901
1.55538	1.85061e-06	2.2714	45.4298	62.1231	-198.567	1923.26	0.371152	1725.07	0.174902
1.53402	1.85813e-06	2.27141	45.4304	62.1236	-198.565	1950.04	0.374636	1751.85	0.174903
1.51295	1.86552e-06	2.27141	45.4309	62.1241	-198.563	1977.2	0.378156	1779.01	0.174904
1.49217	1.87275e-06	2.27142	45.4315	62.1246	-198.56	2004.73	0.381709	1806.55	0.174905
1.47168	1.87984e-06	2.27143	45.432	62.1251	-198.558	2032.64	0.385296	1834.47	0.174906
1.45146	1.8868e-06	2.27144	45.4326	62.1256	-198.555	2060.96	0.388919	1862.79	0.174907
1.43153	1.89361e-06	2.27145	45.4332	62.1261	-198.552	2089.65	0.392575	1891.49	0.174908
1.41187	1.90027e-06	2.27146	45.4338	62.1266	-198.55	2118.75	0.396266	1920.59	0.174909
1.39248	1.9068e-06	2.27147	45.4344	62.1271	-198.547	2148.25	0.399992	1950.1	0.17491
1.37335	1.91319e-06	2.27148	45.435	62.1277	-198.545	2178.17	0.403754	1980.03	0.174911
1.35449	1.91944e-06	2.27149	45.4355	62.1282	-198.542	2208.5	0.40755	2010.37	0.174911
1.33589	1.92556e-06	2.2715	45.4361	62.1287	-198.539	2239.25	0.411381	2041.12	0.174912
1.31754	1.93154e-06	2.27151	45.4368	62.1293	-198.537	2270.44	0.415249	2072.31	0.174913
1.29944	1.93738e-06	2.27152	45.4374	62.1298	-198.534	2302.06	0.419154	2103.94	0.174914
1.2816	1.94309e-06	2.27152	45.438	62.1303	-198.531	2334.1	0.42309	2136	0.174915
1.264	1.94866e-06	2.27153	45.4386	62.1309	-198.528	2366.6	0.427065	2168.5	0.174916
1.24664	1.9541e-06	2.27154	45.4392	62.1314	-198.525	2399.56	0.431076	2201.46	0.174916
1.22952	1.95941e-06	2.27155	45.4399	62.132	-198.523	2432.97	0.435123	2234.88	0.174917
1.21263	1.96459e-06	2.27156	45.4405	62.1326	-198.52	2466.86	0.439208	2268.77	0.174918
1.19597	1.96964e-06	2.27157	45.4411	62.1331	-198.517	2501.22	0.443331	2303.14	0.174919
1.17955	1.97456e-06	2.27158	45.4418	62.1337	-198.514	2536.04	0.447487	2337.97	0.17492
1.16335	1.97935e-06	2.2716	45.4424	62.1343	-198.511	2571.35	0.451683	2373.29	0.17492
1.14737	1.98401e-06	2.27161	45.4431	62.1349	-198.508	2607.16	0.455917	2409.11	0.174921
1.13161	1.98855e-06	2.27162	45.4437	62.1354	-198.505	2643.47	0.460188	2445.43	0.174922
1.11607	1.99296e-06	2.27163	45.4444	62.136	-198.502	2680.28	0.464496	2482.24	0.174923
1.10074	1.99724e-06	2.27164	45.4451	62.1366	-198.499	2717.6	0.468844	2519.57	0.174923
1.08562	2.00141e-06	2.27165	45.4458	62.1372	-198.496	2755.45	0.473231	2557.43	0.174924
1.07071	2.00545e-06	2.27166	45.4464	62.1378	-198.493	2793.82	0.477656	2595.81	0.174925
1.05601	2.00937e-06	2.27167	45.4471	62.1385	-198.49	2832.71	0.482118	2634.7	0.174926
1.04151	2.01316e-06	2.27168	45.4478	62.1391	-198.486	2872.15	0.48662	2674.15	0.174926
1.0272	2.01684e-06	2.27169	45.4485	62.1397	-198.483	2912.16	0.491166	2714.17	0.174927
1.01309	2.0204e-06	2.2717	45.4492	62.1403	-198.48	2952.72	0.49575	2754.73	0.174928
0.99918	2.02384e-06	2.27172	45.45	62.141	-198.477	2993.82	0.500373	2795.85	0.174928
0.98546	2.02716e-06	2.27173	45.4507	62.1416	-198.473	3035.5	0.505036	2837.53	0.174929
0.97192	2.03036e-06	2.27174	45.4514	62.1423	-198.47	3077.79	0.509744	2879.83	0.17493
0.95857	2.03345e-06	2.27175	45.4521	62.1429	-198.467	3120.65	0.514492	2922.7	0.17493
0.94541	2.03642e-06	2.27176	45.4529	62.1436	-198.463	3164.09	0.519279	2966.15	0.174931
0.93242	2.03928e-06	2.27177	45.4536	62.1442	-198.46	3208.17	0.524113	3010.24	0.174932
0.91962	2.04202e-06	2.27179	45.4543	62.1449	-198.457	3252.82	0.528985	3054.9	0.174932
0.90699	2.04465e-06	2.2718	45.4551	62.1456	-198.453	3298.12	0.533901	3100.2	0.174933
0.89453	2.04717e-06	2.27181	45.4559	62.1462	-198.45	3344.06	0.538863	3146.15	0.174934
0.88225	2.04958e-06	2.27182	45.4566	62.1469	-198.446	3390.6	0.543865	3192.7	0.174934
0.87013	2.05188e-06	2.27184	45.4574	62.1476	-198.442	3437.83	0.548915	3239.94	0.174935
0.85818	2.05407e-06	2.27185	45.4582	62.1483	-198.439	3485.7	0.554008	3287.81	0.174935
0.84639	2.05615e-06	2.27186	45.459	62.149	-198.435	3534.25	0.559147	3336.38	0.174936
0.83477	2.05813e-06	2.27187	45.4597	62.1497	-198.431	3583.45	0.564329	3385.58	0.174937
0.8233	2.05999e-06	2.27189	45.4605	62.1504	-198.428	3633.37	0.569561	3435.51	0.174937
0.812	2.06175e-06	2.2719	45.4613	62.1511	-198.424	3683.93	0.574833	3486.08	0.174938
0.80084	2.06341e-06	2.27191	45.4621	62.1519	-198.42	3735.27	0.58016	3537.43	0.174938
0.78984	2.06496e-06	2.27193	45.463	62.1526	-198.416	3787.29	0.585531	3589.46	0.174939
0.779	2.06641e-06	2.27194	45.4638	62.1533	-198.413	3839.99	0.590947	3642.17	0.174939
0.7683	2.06775e-06	2.27195	45.4646	62.154	-198.409	3893.47	0.596414	3695.65	0.17494
0.75775	2.06899e-06	2.27197	45.4654	62.1548	-198.405	3947.67	0.601927	3749.87	0.174941
0.74734	2.07013e-06	2.27198	45.4663	62.1555	-198.401	4002.66	0.607494	3804.87	0.174941
0.73707	2.07116e-06	2.27199	45.4671	62.1563	-198.397	4058.43	0.613113	3860.65	0.174942
0.72695	2.0721e-06	2.27201	45.4679	62.157	-198.393	4114.93	0.618778	3917.15	0.174942
0.71697	2.07294e-06	2.27202	45.4688	62.1578	-198.389	4172.21	0.624493	3974.44	0.174943
0.70712	2.07368e-06	2.27203	45.4697	62.1586	-198.385	4230.32	0.630261	4032.57	0.174943
0.69741	2.07433e-06	2.27205	45.4705	62.1594	-198.381	4289.22	0.636082	4091.47	0.174944
0.68783	2.07486e-06	2.27206	45.4714	62.1601	-198.377	4348.96	0.641955	4151.22	0.174944
0.67838	2.07532e-06	2.27208	45.4723	62.1609	-198.372	4409.54	0.647885	4211.81	0.174945
0.66907	2.07566e-06	2.27209	45.4732	62.1617	-198.368	4470.9	0.65386	4273.18	0.174945
0.65988	2.07592e-06	2.27211	45.4741	62.1625	-198.364	4533.16	0.659895	4335.46	0.174946
0.65082	2.07608e-06	2.27212	45.4749	62.1633	-198.36	4596.26	0.665984	4398.57	0.174946
0.64188	2.07614e-06	2.27214	45.4758	62.1641	-198.355	4660.28	0.67213	4462.6	0.174947
0.63306	2.07612e-06	2.27215	45.4767	62.1649	-198.351	4725.21	0.678335	4527.53	0.174947
0.62437	2.07599e-06	2.27217	45.4777	62.1658	-198.347	4790.97	0.684591	4593.31	0.174948
0.61579	2.07579e-06	2.27218	45.4786	62.1666	-198.342	4857.72	0.690913	4660.07	0.174948
0.60733	2.07548e-06	2.2722	45.4795	62.1674	-198.338	4925.39	0.697289	4727.75	0.174949
0.59899	2.07509e-06	2.27221	45.4804	62.1682	-198.333	4993.97	0.703723	4796.34	0.174949
0.59077	2.0746e-06	2.27223	45.4814	62.1691	-198.329	5063.45	0.710208	4865.83	0.174949
0.58265	2.07402e-06	2.27224	45.4823	62.1699	-198.324	5134.02	0.716767	4936.41	0.17495
0.57465	2.07335e-06	2.27226	45.4833	62.1708	-198.32	5205.49	0.723379	5007.89	0.17495
0.56676	2.0726e-06	2.27227	45.4842	62.1716	-198.315	5277.95	0.730052	5080.37	0.174951
0.55897	2.07176e-06	2.27229	45.4852	62.1725	-198.311	5351.51	0.736795	5153.93	0.174951
0.5513	2.07083e-06	2.2723	45.4861	62.1734	-198.306	5425.96	0.743588	5228.4	0.174952
0.54373	2.06981e-06	2.27232	45.4871	62.1742	-198.301	5501.5	0.75045	5303.95	0.174952
0.53626	2.06871e-06	2.27234	45.4881	62.1751	-198.296	5578.13	0.757379	5380.6	0.174952
0.52889	2.06752e-06	2.27235	45.489	62.176	-198.292	5655.86	0.764375	5458.34	0.174953
0.52163	2.06623e-06	2.27237	45.49	62.1769	-198.287	5734.58	0.771427	5537.06	0.174953
0.51446	2.06488e-06	2.27238	45.491	62.1778	-198.282	5814.5	0.778558	5617	0.174954
0.5074	2.06343e-06	2.2724	45.492	62.1787	-198.277	5895.4	0.785742	5697.91	0.174954
0.50043	2.0619e-06	2.27242	45.493	62.1796	-198.272	5977.51	0.792997	5780.03	0.174954
0.49356	2.06028e-06	2.27243	45.494	62.1805	-198.267	6060.71	0.80032	5863.25	0.174955
0.48678	2.05859e-06	2.27245	45.495	62.1814	-198.262	6145.13	0.807716	5947.67	0.174955
0.48009	2.0568e-06	2.27247	45.4961	62.1823	-198.257	6230.76	0.815183	6033.32	0.174956
0.4735	2.05494e-06	2.27248	45.4971	62.1832	-198.252	6317.48	0.822711	6120.05	0.174956
0.467	2.05299e-06	2.2725	45.4981	62.1842	-198.247	6405.4	0.83031	6207.99	0.174956
0.46058	2.05097e-06	2.27252	45.4992	62.1851	-198.242	6494.69	0.837992	6297.28	0.174957
0.45426	2.04886e-06	2.27254	45.5002	62.186	-198.237	6585.05	0.845731	6387.65	0.174957
0.44802	2.04667e-06	2.27255	45.5013	62.187	-198.232	6676.76	0.853551	6479.38	0.174957
0.44186	2.04439e-06	2.27257	45.5023	62.1879	-198.226	6769.84	0.86145	6572.48	0.174958
0.4358	2.04204e-06	2.27259	45.5034	62.1889	-198.221	6863.98	0.869402	6666.63	0.174958
0.42981	2.03961e-06	2.2726	45.5044	62.1898	-198.216	6959.63	0.87745	6762.3	0.174958
0.42391	2.0371e-06	2.27262	45.5055	62.1908	-198.211	7056.5	0.885558	6859.17	0.174959
0.41809	2.03451e-06	2.27264	45.5066	62.1918	-198.205	7154.73	0.893744	6957.42	0.174959
0.41234	2.03184e-06	2.27266	45.5077	62.1928	-198.2	7254.5	0.902021	7057.2	0.174959
0.40668	2.02909e-06	2.27268	45.5088	62.1938	-198.194	7355.46	0.910357	7158.18	0.17496
0.4011	2.02627e-06	2.2727	45.5099	62.1947	-198.189	7457.79	0.918768	7260.52	0.17496
0.39559	2.02336e-06	2.27271	45.511	62.1958	-198.183	7561.66	0.927268	7364.41	0.17496
0.39015	2.02038e-06	2.27273	45.5121	62.1968	-198.178	7667.09	0.935855	7469.85	0.174961
0.38479	2.01732e-06	2.27275	45.5132	62.1978	-198.172	7773.89	0.94451	7576.67	0.174961
0.37951	2.01419e-06	2.27277	45.5144	62.1988	-198.167	7882.05	0.953232	7684.83	0.174961
0.3743	2.01098e-06	2.27279	45.5155	62.1998	-198.161	7991.76	0.962047	7794.56	0.174962
0.36916	2.0077e-06	2.27281	45.5166	62.2008	-198.155	8103.03	0.970941	7905.85	0.174962
0.36409	2.00433e-06	2.27283	45.5178	62.2019	-198.149	8215.87	0.979908	8018.7	0.174962
0.35909	2.00089e-06	2.27285	45.519	62.2029	-198.144	8330.26	0.988964	8133.11	0.174963
0.35415	1.99737e-06	2.27286	45.5201	62.2039	-198.138	8446.46	0.99812	8249.32	0.174963
0.34929	1.99378e-06	2.27288	45.5213	62.205	-198.132	8563.98	1.00733	8366.86	0.174963
0.34449	1.99012e-06	2.2729	45.5225	62.2061	-198.126	8683.31	1.01664	8486.2	0.174963
0.33976	1.98638e-06	2.27292	45.5236	62.2071	-198.12	8804.19	1.02602	8607.1	0.174964
0.3351	1.98257e-06	2.27294	45.5248	62.2082	-198.114	8926.63	1.03547	8729.55	0.174964
0.33049	1.97867e-06	2.27296	45.526	62.2093	-198.108	9051.14	1.04504	8854.08	0.174964
0.32595	1.97471e-06	2.27298	45.5272	62.2104	-198.102	9177.21	1.05468	8980.16	0.174965
0.32148	1.97068e-06	2.273	45.5284	62.2114	-198.096	9304.81	1.06438	9107.78	0.174965
0.31706	1.96657e-06	2.27302	45.5296	62.2126	-198.089	9434.53	1.0742	9237.51	0.174965
0.31271	1.96239e-06	2.27304	45.5309	62.2137	-198.083	9565.76	1.08408	9368.77	0.174965
0.30841	1.95812e-06	2.27306	45.5321	62.2148	-198.077	9699.13	1.09406	9502.15	0.174966
0.30418	1.95379e-06	2.27308	45.5334	62.2159	-198.071	9834.01	1.10411	9637.04	0.174966
0.3	1.94939e-06	2.2731	45.5346	62.217	-198.064	9971.03	1.11426	9774.08	0.174966